779.2318361955092 3827.4484808454426
906.0482166446504 3470.7774108322333
464.8328929986799 3798.3863936591815
385.5726552179666 3552.6796565389704
253.47225891677772 3769.32430647292
478.04293262879867 3185.4405548216655
1061.9266842800532 3349.24504623514
1064.568692206077 2971.43791281374
821.5039630118895 3045.4141347424056
760.7377807133427 2889.5356671070026
805.6519154557468 2548.716644649936
319.5224570673721 2894.81968295905
187.42206076618334 2749.5092470277427
57.96367239101835 2157.699471598417
42.11162483487567 2371.7021136063427
224.41017173051623 2390.196169088509
351.22655217965746 2535.5066050198166
1098.9147952443861 2712.52113606341
615.4273447820351 2490.5924702774128
937.7523117569358 2361.1340819022475
927.1842800528407 2215.8236459709397
1085.7047556142672 2252.8117569352726
1093.6307793923386 2165.6254953764883
1225.7311756935273 2157.699471598417
1162.3229854689566 2263.3797886393677
1299.707397622193 2303.009907529725
1429.165785997358 2871.041611624836
1714.502642007926 2860.473579920741
1571.8342140026418 2995.215984147954
1405.387714663144 3388.875165125496
1722.428665785997 3346.6030383091156
1825.466974900924 3098.254293262881
1931.1472919418754 3600.2357992073985
2179.49603698811 3697.990092470278
1849.2450462351383 2987.2899603698825
2097.5937912813733 3288.4788639365925
2205.916116248348 3124.674372523119
2385.572655217965 3322.824966974902
2478.0429326287967 3478.7034346103046
2795.0838837516503 3774.6083223249675
2372.3626155878464 3779.892338177015
2818.861955085864 3428.505284015853
2742.2437252311747 3262.058784676355
2948.3203434610296 3159.0204755614277
2800.367899603698 2971.43791281374
2731.6756935270796 2847.263540290622
2607.5013210039624 2744.225231175695
2512.3890356671063 3024.2780713342154
2419.9187582562736 2931.807793923383
2271.966314398943 2852.5475561426697
2015.6915455746364 2736.299207397624
2203.2741083223245 2622.6928665786013
2462.190885072654 2728.3731836195525
2522.9570673712014 2638.544914134744
2641.847424042271 2575.1367239101733
2810.935931307793 2738.9412153236476
2499.178996036987 2379.628137384414
2084.383751651254 2326.7879788639384
3112.634344528711 2807.6334214002654
3139.054423788949 2622.6928665786013
3012.238043339808 2923.8817701453117
3522.1455730623966 2931.807793923383
3437.6013194296356 2781.2133421400276
3736.1482150703223 2802.349405548218
3899.9527064837966 2804.991413474242
3648.961953511538 2876.3256274768837
3720.2961675141796 3032.2040951122863
3598.7638029170857 3394.1591809775437
3384.7611609091605 3301.688903566712
3715.012151662132 3885.572655217966
4486.478466061075 3520.975561426685
4565.738703841788 3164.3044914134753
4465.342402652885 3161.6624834874515
4164.153499086175 3169.588507265523
4230.203697236769 2768.003302509909
4243.413736866887 2477.382430647294
4452.132363022765 2569.852708058126
4557.8126800637165 2633.2608982826964
4581.590751397931 2897.461690885074
5110.803830911493 3705.916116248349
4907.369220607661 3853.8685601056804
4846.603038309115 3166.946499339499
5129.297886393659 3129.9583883751666
5345.942536327608 3050.698150594453
5544.093130779391 3214.502642007927
4933.789299867899 2733.6571994716
4656.378467635403 2746.867239101719
4843.9610303830905 2606.8408190224586
4862.4550858652565 2472.0984147952463
4801.68890356671 2432.4682959048896
4727.712681638044 2495.8764861294603
4957.567371202113 2503.802509907531
5155.717965653896 2543.4326287978884
5163.643989431967 2411.3322324966994
5094.951783355349 2469.4564068692225
5108.1618229854685 2321.503963011891
5166.285997357991 2305.651915455748
5248.188243064728 2501.160501981508
5483.326948480844 2575.1367239101733
5567.871202113605 2469.4564068692225
5604.859313077938 2670.2490092470293
5414.634742404226 2427.184280052842
5438.41281373844 2353.208058124176
5483.326948480844 2247.527741083225
5536.16710700132 2329.429986789962
5625.995376486128 2421.9002642007945
5670.909511228532 2337.3560105680335
5612.78533685601 2289.7998678996055
5504.4630118890345 2376.98612945839
5729.033685601055 2448.3203434610323
5874.344121532364 2535.5066050198166
5916.616248348744 2749.5092470277427
5839.998018494054 2852.5475561426697
5697.32959048877 2715.1631439894336
5998.518494055481 2968.795904887716
5784.515852047554 2347.9240422721286
5758.095772787317 2284.515852047558
5792.441875825626 2165.6254953764883
5758.095772787317 2207.8976221928688
5874.344121532364 2207.8976221928688
5993.234478203434 2371.735702796608
5966.814398943196 2112.818926046278
5982.666446499339 2242.2773144214434
5982.666446499339 1861.8281730740196
5966.814398943196 1946.3724267067803
5995.876486129458 2091.682862638088
5874.344121532364 2115.460933972302
5958.888375165125 1756.1478560330684
4374.344121532366 3934.449801849406
