141.98480845442538 930.1591809775427
138.2437252311757 1105.9900924702772
400.11955085865264 683.2476882430647
452.49471598414794 529.8632760898281
119.87648612945804 2193.710039630119
35.70211360634045 1987.950462351387
406.0693527080579 2261.049537648613
664.2040951122851 2448.1036988110964
703.4854689564067 2277.8844121532366
864.3520475561427 2229.2503302509904
1079.4643328929988 2049.678335535006
1038.3124174372524 1855.1420079260236
765.2133421400263 1804.637384412153
701.614927344782 1675.5700132100396
652.9808454425363 1696.1459709379128
550.1010568031702 1722.3335535006604
286.35468956406845 1647.511889035667
78.72457067371164 1591.395640686922
316.28335535006573 1497.8685601056802
503.33751651254937 1512.832892998679
783.9187582562747 1488.515852047556
1150.5449141347426 1520.3150594451781
1255.2952443857334 1632.5475561426683
1356.3044914134746 1641.9002642007924
1131.8394980184942 1709.2397622192866
1184.2146631439896 1894.4233817701452
1274.0006605019817 1931.8342140026418
1274.0006605019817 2059.0310435931306
1363.7866578599737 2362.0587846763538
1115.0046235138707 2395.7285336856007
1891.2793923381776 2304.071994715984
1694.8725231175697 2276.0138705416116
1593.8632760898286 2148.8170409511226
1633.1446499339502 2010.3969616908848
1670.5554821664468 1905.6466314398942
1558.3229854689566 1877.5885072655217
1416.1618229854691 1445.4933949801848
1476.019154557464 1559.5964332892997
1573.2873183619554 1514.7034346103037
1528.3943196829593 1441.7523117569351
1737.894980184941 1458.5871862615586
1883.7972258916782 1641.9002642007924
2027.8289299867904 1598.8778071334214
1868.8328929986794 1909.387714663144
1996.0297225891684 2066.51321003963
2037.1816380449147 2277.8844121532366
2072.7219286657864 2427.527741083223
1932.4313077939248 2704.368069469032
63.42671314272342 1449.3248465609245
192.4940843448373 1310.9047673006862
82.13212925897182 1256.659060563566
22.274797686976935 1161.2614383706991
319.69091393532636 1006.0064846058376
314.07928910045183 1200.5428122148207
562.8613234465555 1140.685480642826
624.589196630175 1305.2931424658118
405.735828070069 901.2561543548467
95.22592054034567 854.4926140642256
27.88642252185147 706.7198267458634
572.2140315046796 631.8981622808699
602.1426972906771 575.7819139321248
690.0581530370445 652.4741200087431
736.8216933276655 536.5005400880032
772.3619839485374 585.1346219902489
882.7239390344029 594.4873300483732
905.170438373901 723.5547012504869
877.1123141995282 822.6934066666034
946.3223538296473 910.6088624129709
822.8666074624081 1058.381649731333
940.7107289947729 1221.1187699426941
1060.4253921387624 1224.8598531659436
1221.2919707384985 1310.9047673006862
1193.233846564126 1101.4041067987043
1161.4346391665038 1000.3948597709631
1200.7160130106254 914.3499456362206
1043.590517634139 944.278611422218
1066.037016973637 729.1663260853616
1049.2021424690133 555.2059562042516
1095.9656827596343 512.1834991368803
1232.5152204082476 540.2416233112529
1251.220636524496 459.8083340113849
1195.1043881757507 663.6973696784921
1185.7516801176266 768.4476999294832
1357.8415083871118 863.8453221223499
1359.7120499987366 772.1887831527329
1359.7120499987366 667.4384529017418
1458.8507554148532 802.1174489387301
1580.4359601704678 869.4569469572243
1709.5033313725817 828.305031501478
1593.5297514518415 704.8492851342387
1546.7662111612206 588.8757052134986
1851.6644938560696 742.2601173667354
2051.812446299927 880.6801966269734
1808.642036788698 1161.2614383706991
1834.8296193514457 1325.869100193685
2070.5178624161754 1348.315599533183
26.015880910227224 358.7087186261565
196.23516756808746 383.02575957727936
319.6909139353268 422.307133421401
218.68166690758554 235.25297225891723
65.29725475434881 51.93989431968316
358.9722877794483 91.2212681638048
411.34745290494385 246.4762219286663
504.8745334861857 225.90026420079312
559.1202402233062 420.43659180977625
751.7860262206643 377.4141347424049
989.3448108970188 441.0125495376494
1028.6261847411404 373.67305151915525
1066.0370169736373 231.51188903566754
1311.077968096491 240.86459709379187
1500.0026708705998 321.29788639365984
1543.0251279379709 446.62417437252395
1466.3329218613526 409.2133421400272
1589.7886682285919 351.22655217965735
1702.0211649260823 354.96763540290675
1702.0211649260823 427.9187582562756
1739.431997158579 504.6109643328939
1780.5839126143253 394.2490092470284
1774.9722877794509 66.90422721268192
2003.178364397681 590.6558784676365
2046.2008214650523 686.0535006605032
1947.0621160489359 412.95442536327687
2038.718655018553 502.74042272126906
2064.906237581301 411.0838837516521
1999.4372811744315 130.5026420079264
1911.521825428064 31.363936591809992
2309.6043593130776 2485.514531043593
2298.3811096433287 2371.411492734478
2199.2424042272123 2313.424702774108
2238.5237780713337 2079.6070013210037
2167.4431968295903 1920.6109643328928
2227.300528401585 1834.5660501981504
2240.3943196829587 1507.2212681638043
2408.743064729194 1482.9042272126815
2545.292602377807 1825.2133421400263
2451.7655217965653 2090.8302509907526
2335.791941875825 2109.5356671070012
2476.082562747688 2304.071994715984
2580.8328929986787 2118.8883751651256
2653.7840158520476 1984.2093791281372
2711.770805812417 1782.190885072655
2874.507926023778 1795.284676354029
2799.6862615587843 1961.762879788639
2857.673051519155 2208.674372523117
2822.132760898283 2328.389035667107
2810.9095112285336 2464.9385733157196
2709.9002642007927 2472.4207397622195
3084.0085865257597 2287.2371202113604
3125.160501981506 2126.3705416116245
3031.6334214002645 2107.6651254953763
3016.6690885072658 1898.1644649933949
3259.839498018494 2150.6875825627476
3289.7681638044915 2362.0587846763538
3402.0006605019817 2296.5898282694848
3426.3177014531047 2507.961030383091
3544.1618229854694 2552.8540290620867
3585.3137384412157 2317.165785997358
3729.345442536328 2309.6836195508586
3884.600396301189 2324.6479524438573
3955.680977542933 2494.867239101717
3811.6492734478206 2550.9834874504622
4191.369220607662 2545.371862615588
4195.110303830912 2161.9108322324964
4223.168428005284 2057.160501981506
4107.194848084545 2057.160501981506
3966.9042272126817 2156.299207397622
3865.8949801849412 2029.1023778071333
3615.2424042272132 1969.2450462351385
3431.929326287979 1877.5885072655217
3299.120871862616 1711.1103038309113
3173.794583883752 1686.7932628797885
3001.704755614267 1683.0521796565388
2973.646631439894 1539.0204755614266
2870.766842800528 1452.9755614266842
3106.4550858652574 1467.939894319683
3155.0891677675036 1540.8910171730513
3297.250330250991 1488.515852047556
3491.7866578599737 1656.8645970937912
3559.126155878468 1701.7575957727872
3660.135402906209 1722.3335535006604
3613.371862615588 1645.6413474240421
3532.9385733157205 1546.502642007926
3710.6400264200793 1866.3652575957726
3776.1089828269487 1898.1644649933949
3858.4128137384414 1907.517173051519
4037.9848084544255 1877.5885072655217
4045.4669749009254 1785.9319682959049
4137.123513870542 1737.2978863936592
4011.797225891678 1660.6056803170409
3761.14464993395 1617.5832232496696
3849.0601056803175 1471.6809775429324
3991.221268163805 1441.7523117569351
4165.1816380449145 1445.4933949801848
4110.935931307795 1510.962351387054
2154.349405548216 476.65900599203883
2212.3361955085857 527.1636295059093
2257.229194187582 717.9588738916423
2139.3850726552173 753.4991645125141
2184.278071334213 848.8967867053806
2423.707397622192 1359.5546466789597
2386.2965653896954 933.071159228498
2433.060105680316 972.3525330726195
2539.6809775429315 955.517658567996
2440.5422721268155 740.4053732311402
2348.8857331571985 807.7448712496342
2347.0151915455735 478.52954760366356
2412.484147952443 538.3868791756584
2543.422060766181 478.52954760366356
2739.8289299867884 583.2798778546544
2782.8513870541597 680.5480416591457
2906.3071334213987 618.8201684755261
2977.387714663142 747.8875396776397
3046.597754293261 998.5401156353673
2968.035006605018 1107.0315291096076
2997.9636723910153 1256.6748580395943
2930.6241743725213 1333.367064116212
2736.087846763539 1193.0764432443498
3222.4286657859957 1301.56785671859
3297.2503302509886 1245.4516083698452
3170.0535006605005 1095.8082794398583
3207.464332892997 985.4463243539934
3282.2859973579903 1009.7633653051162
3297.2503302509886 884.4370773262524
3216.8170409511213 826.4502873658826
3147.607001321002 757.2402477357638
3203.723249669747 618.8201684755261
3433.799867899602 837.6735370356316
3452.5052840158496 919.9773679471242
3452.5052840158496 1030.3393230329893
3431.9293262879764 1206.1702345257236
3632.0772787318338 1252.9337748163443
3705.028401585202 1179.982651962976
3523.5858652575935 1077.10286332361
3566.608322324965 1028.4687814213644
3602.1486129458362 1088.3261129933592
3824.7430647291917 1194.9469848559747
3910.787978863934 1226.7461922535967
4052.949141347421 1217.3934841954729
4094.1010568031675 1045.303655925988
3940.7166446499314 959.2587417912457
3821.0019815059422 813.3564960845088
3675.099735799205 815.2270376961336
3622.7245706737094 835.8029954240068
3536.6796565389673 805.8743296380094
4172.663804491411 714.2177906683927
4210.074636723908 957.3882001796208
2550.90422721268 128.63193053096666
2633.2080581241726 121.14976408446728
3121.419418758254 199.7125117727103
3443.152575957725 240.86442722845663
3475.2899603698816 2123.5647291941873
