360.08561151079095 2198.992086330935
3109.737410071942 2071.9589928057553
2753.2251798561147 2629.265467625899
2392.615107913669 2637.4611510791365
2253.2884892086327 2190.796402877698
1568.948920863309 2317.8294964028773
1339.4697841726615 2149.8179856115107
1150.9690647482012 1998.1978417266182
892.8050359712228 2375.1992805755394
720.695683453237 2301.438129496403
946.0769784172659 2653.8525179856115
257.6395683453233 2637.4611510791365
175.6827338129492 1944.9258992805753
478.92302158273344 1617.098561151079
638.7388489208629 1879.360431654676
1609.9273381294959 1957.2194244604316
1794.3302158273377 1867.0669064748197
2048.3964028776977 1830.1863309352518
2589.311510791367 2014.5892086330932
2544.235251798561 1797.4035971223018
2228.7014388489206 1944.9258992805753
1462.4050359712228 1789.2079136690647
1290.295683453237 1711.348920863309
1163.2625899280574 1731.8381294964026
1237.023741007194 1805.5992805755393
1097.6971223021578 1781.0122302158272
1019.8381294964026 1662.1748201438845
954.272661870503 1719.5446043165464
946.0769784172659 1760.5230215827335
868.2179856115105 1727.740287769784
847.7287769784169 1641.6856115107907
810.8482014388486 1567.9244604316543
814.9460431654674 1727.740287769784
835.4352517985607 1801.5014388489205
987.055395683453 1838.3820143884889
1138.675539568345 1658.0769784172658
634.6410071942443 1621.1964028776974
675.6194244604312 1584.315827338129
605.9561151079133 1551.5330935251795
728.8913669064744 1543.337410071942
757.5762589928054 1485.9676258992802
888.707194244604 1469.5762589928052
179.7805755395679 1539.2395683453235
249.44388489208592 1588.4136690647479
339.5964028776974 1584.315827338129
384.67266187050313 1584.315827338129
302.7158273381291 1690.8597122302153
388.7705035971219 1666.2726618705033
216.66115107913623 1690.8597122302153
93.7258992805751 1715.4467625899279
208.46546762589884 1813.7949640287763
548.5863309352513 2112.9374100719424
3601.478417266187 2104.741726618705
3601.478417266187 1846.5776978417264
3736.707194244604 1817.892805755395
3867.838129496403 1903.9474820143882
3937.5014388489208 1711.348920863309
4146.4913669064745 1809.697122302158
4248.937410071942 1682.664028776978
4138.295683453237 1653.9791366906475
4068.632374100719 1731.8381294964026
3806.370503597122 1772.8165467625897
3757.196402877698 1690.8597122302153
3462.151798561151 1756.4251798561147
3412.9776978417262 1645.7834532374095
3449.8582733812946 1551.5330935251795
3281.846762589928 1678.5661870503593
3265.455395683453 1789.2079136690647
3113.835251798561 1813.7949640287763
3048.2697841726617 1797.4035971223018
2851.573381294964 1715.4467625899279
2826.9863309352513 1850.6755395683451
2773.7143884892084 1903.9474820143882
2294.2669064748197 1826.0884892086326
2212.3100719424456 1711.348920863309
2122.1575539568344 1690.8597122302153
1958.243884892086 1682.664028776978
1913.1676258992802 1678.5661870503593
1863.9935251798556 1666.2726618705033
1782.036690647482 1641.6856115107907
1745.1561151079136 1694.957553956834
1642.7100719424457 1764.6208633093522
1593.535971223021 1727.740287769784
1618.1230215827336 1686.7618705035966
3105.6395683453234 1666.2726618705033
2966.3129496402876 1658.0769784172658
3208.0856115107913 1625.2942446043162
3322.825179856115 1592.5115107913666
3281.846762589928 1576.1201438848918
3048.2697841726617 1535.1417266187048
2999.095683453237 1539.2395683453235
2978.606474820144 1608.9028776978416
2949.9215827338126 1563.8266187050356
2929.4323741007192 1539.2395683453235
2876.160431654676 1555.6309352517983
1440.379136690647 1282.0999999999995
1467.0151079136685 1300.5402877697838
1497.7489208633087 1308.7359712230211
1487.504316546762 1316.9316546762586
1464.9661870503592 1331.274100719424
1457.7949640287766 1348.6899280575535
1420.9143884892082 1344.5920863309348
1367.6424460431651 1344.5920863309348
1319.4928057553952 1351.7633093525176
1279.538848920863 1338.4453237410066
1250.853956834532 1337.4208633093522
1254.9517985611508 1392.7417266187047
1233.4381294964026 1392.7417266187047
1211.9244604316543 1382.497122302158
1164.7992805755393 1378.3992805755393
1168.8971223021579 1414.2553956834527
1190.410791366906 1428.5978417266183
1216.022302158273 1427.5733812949636
1239.5848920863305 1432.695683453237
1307.1992805755392 1427.5733812949636
1275.4410071942443 1407.08417266187
1283.6366906474816 1391.71726618705
1337.9330935251794 1383.5215827338125
1392.2294964028772 1367.1302158273377
1404.5230215827332 1367.1302158273377
1395.3028776978413 1385.5705035971218
1415.7920863309348 1399.9129496402875
1426.0366906474815 1385.5705035971218
1447.5503597122297 1371.2280575539564
1475.210791366906 1368.1546762589924
1496.7244604316543 1367.1302158273377
1494.675539568345 1359.9589928057549
1492.6266187050355 1345.6165467625895
1518.2381294964025 1324.1028776978414
1539.7517985611507 1332.2985611510787
1560.241007194244 1338.4453237410066
1554.094244604316 1356.885611510791
1591.9992805755392 1351.7633093525176
1535.653956834532 1374.3014388489205
1503.8956834532369 1383.5215827338125
1480.3330935251793 1389.6683453237406
1532.580575539568 1394.7906474820138
1488.5287769784168 1441.915827338129
1401.4496402877694 1443.9647482014384
1409.645323741007 1457.2827338129491
1430.1345323741002 1479.820863309352
1417.8410071942442 1526.9460431654672
1328.7129496402874 1517.725899280575
1322.5661870503593 1534.11726618705
1327.6884892086327 1574.0712230215822
1356.3733812949636 1550.5086330935246
1274.4165467625896 1517.725899280575
1241.6338129496398 1467.527338129496
1326.664028776978 1452.160431654676
1209.875539568345 1563.8266187050356
1151.4812949640284 1538.2151079136686
1090.0136690647478 1500.3100719424456
1104.3561151079134 1526.9460431654672
1088.989208633093 1378.3992805755393
1112.5517985611507 1395.8151079136687
1118.6985611510788 1401.9618705035966
1127.9187050359708 1422.4510791366902
1141.2366906474817 1420.4021582733808
1055.1820143884888 1441.915827338129
1048.0107913669062 1485.9676258992802
1053.1330935251794 1553.5820143884887
1139.1877697841724 1586.3647482014385
1067.475539568345 1607.8784172661867
927.1244604316544 1629.392086330935
930.1978417266183 1568.948920863309
939.4179856115104 1530.0194244604313
1076.695683453237 1695.9820143884888
1228.315827338129 1636.5633093525175
1262.1230215827334 1636.5633093525175
1320.51726618705 1655.0035971223017
1368.6669064748198 1639.6366906474816
1380.9604316546759 1674.4683453237406
1430.1345323741002 1650.905755395683
1475.210791366906 1658.0769784172658
1844.0165467625893 1613.00071942446
1887.0438848920858 1606.8539568345318
1935.1935251798557 1581.242446043165
1924.948920863309 1531.0438848920858
1850.1633093525174 1519.7748201438844
1838.894244604316 1490.065467625899
1808.160431654676 1480.8453237410067
1780.4999999999995 1489.0410071942442
1839.9187050359706 1470.60071942446
1738.4971223021578 1494.1633093525174
1692.3964028776973 1496.2122302158268
1674.9805755395678 1468.5517985611507
1697.5187050359707 1467.527338129496
1643.222302158273 1513.6280575539563
1595.072661870503 1519.7748201438844
1566.3877697841722 1543.337410071942
1566.3877697841722 1592.5115107913664
1494.675539568345 1558.7043165467621
1496.7244604316543 1515.6769784172657
1558.1920863309347 1475.7230215827335
1579.705755395683 1469.5762589928054
1613.5129496402874 1454.2093525179853
1683.1762589928053 1421.4266187050355
1305.1503597122298 1628.36762589928
1349.202158273381 1703.1532374100716
1610.4395683453236 1306.687050359712
1646.295683453237 1309.7604316546758
1077.7201438848917 1243.1705035971218
1086.940287769784 1304.6381294964026
1689.3230215827334 1656.0280575539564
1663.7115107913664 1565.875539568345
2299.9014388489204 1406.0597122302158
2239.4582733812945 1406.0597122302158
2189.2597122302154 1442.9402877697842
2144.1834532374096 1414.2553956834531
2062.2266187050354 1411.1820143884893
2054.0309352517984 1410.1575539568346
2145.2079136690645 1448.0625899280576
2155.452517985611 1493.1388489208632
2128.8165467625895 1512.603597122302
2142.1345323741 1515.6769784172661
2175.9417266187047 1532.068345323741
2200.5287769784168 1505.4323741007195
2230.2381294964025 1470.6007194244603
2312.1949640287767 1517.7258992805755
2348.05107913669 1471.6251798561152
2388.0050359712227 1484.943165467626
2479.182014388489 1442.9402877697842
2479.182014388489 1463.4294964028777
2478.157553956834 1493.1388489208632
2537.5762589928054 1506.4568345323742
2651.291366906474 1482.8942446043166
2661.535971223021 1521.8237410071943
2674.853956834532 1557.679856115108
2628.7532374100715 1576.120143884892
2574.4568345323737 1575.0956834532374
2540.649640287769 1556.6553956834532
2486.3532374100714 1558.7043165467626
2431.0323741007187 1549.4841726618706
2414.641007194244 1517.7258992805755
2400.2985611510785 1546.4107913669063
2359.320143884892 1593.5359712230215
2346.0021582733807 1523.8726618705036
2332.68417266187 1530.0194244604318
2309.1215827338124 1585.340287769784
2258.9230215827333 1580.2179856115108
2254.8251798561146 1622.2208633093524
2290.6812949640284 1657.0525179856113
2248.6784172661864 1657.0525179856113
2263.020863309352 1732.8625899280576
2371.6136690647477 1697.006474820144
2482.2553956834527 1635.5388489208633
2430.0079136690642 1592.5115107913668
2398.2496402877696 1648.856834532374
2568.3100719424456 1630.4165467625899
2649.242446043165 1605.8294964028778
2692.2697841726613 1600.7071942446044
2659.4870503597117 1633.489928057554
2615.435251798561 1660.1258992805756
2676.902877697841 1655.0035971223022
2714.8079136690644 1676.5172661870502
2725.0525179856113 1604.8050359712229
2674.853956834532 1809.6971223021583
2343.9532374100713 1763.5964028776978
2073.495683453237 1638.6122302158274
2066.324460431654 1609.9273381294963
2071.446762589928 1575.0956834532374
2039.6884892086327 1586.364748201439
2028.4194244604314 1547.4352517985612
2056.0798561151078 1507.4812949640286
2026.370503597122 1512.603597122302
1988.4654676258988 1511.5791366906474
1976.1719424460427 1468.551798561151
1957.7316546762586 1534.1172661870503
1830.6985611510788 1572.0223021582733
1772.3043165467623 1537.1906474820144
1744.643884892086 1560.753237410072
1677.0294964028774 1735.9359712230216
3802.2726618705033 1563.8266187050356
3826.859712230216 1637.5877697841725
3789.9791366906475 1637.5877697841725
4113.708633093525 1567.9244604316543
4203.861151079137 1572.022302158273
1231.3892086330934 1519.7748201438844
1241.6338129496403 1498.2611510791362
4093.219424460431 2567.7978417266186
221.12608718053656 1538.3675200676587
734.6690198093346 1609.849686514158
713.0362589110518 1598.5630286541846
1081.7408821386816 1554.8500345875934
1069.9839468678758 1416.1181983920849
1079.3894950845204 1406.242372764608
1309.3551489814822 1375.2040636496806
1499.3655653052554 1619.2730432396347
1559.7343071742114 1520.0515560863053
1388.5533296312788 1526.6354398379567
1475.4542772333632 1241.6561263623996
2836.5369680740773 1576.946453426999
2845.47223887989 1630.5580782618736
2813.493374943298 1642.3150135326794
2800.3256074399956 1538.383705738756
2817.7258716407882 1494.6479065313583
2764.584524216746 1490.8856872447004
2886.3863736222943 1489.0045776013715
2760.403487994332 1718.9529354645742
3280.2890515535037 1632.3802959779114
3848.5449141347417 1557.137191432439
3915.3243064729195 1539.2666498208143
4079.921400264201 1536.4449853558208
2139.613868251674 1583.488186103787
2171.1224547774336 1583.488186103787
1926.5782011446718 1607.0020566453989
1680.3377898730598 1608.4121201652845
