56.32079999999945 2499.9048
211.25199999999944 2554.5863999999997
243.14959999999945 2796.0968
51.763999999999385 2358.644
220.36559999999946 2390.5415999999996
65.43439999999947 2190.0424
111.00239999999945 2025.9976
156.57039999999944 1925.7479999999996
284.1607999999995 1943.9751999999996
398.08079999999956 1939.4183999999996
457.3191999999995 2025.9976
402.6375999999995 2158.1447999999996
543.8983999999996 2199.1559999999995
411.7511999999995 2335.8599999999997
548.4551999999996 2600.1544
630.4775999999997 2385.9847999999997
644.1479999999997 2240.1672
785.4087999999997 2645.7223999999997
844.6471999999997 2422.4392
753.5111999999997 2281.1784
685.1591999999996 2112.5768
698.8295999999996 2025.9976
789.9655999999995 2025.9976
876.5447999999997 1998.6567999999993
963.1239999999995 2044.2247999999995
1026.9191999999996 2103.4631999999997
967.6807999999996 2276.6215999999995
584.9095999999995 1898.4071999999996
676.0455999999997 1843.7255999999998
812.7495999999996 1848.2823999999996
903.8855999999996 1861.9527999999996
1017.8055999999997 1852.8391999999997
949.4535999999996 1761.7031999999995
871.9879999999996 1729.8055999999997
762.6247999999996 1725.2487999999998
685.1591999999996 1666.0103999999997
662.3751999999997 1748.0327999999995
557.5687999999996 1725.2487999999998
470.9895999999995 1725.2487999999998
429.97839999999957 1816.3847999999996
329.72879999999947 1716.1351999999995
265.93359999999944 1775.3735999999997
133.78639999999945 1807.2711999999997
38.09359999999941 1743.4759999999997
97.33199999999948 1707.0215999999996
28.979999999999393 1643.2263999999996
51.763999999999385 1570.3175999999999
15.30959999999942 1515.6359999999995
33.53679999999946 1456.3975999999996
79.10479999999946 1406.2727999999995
19.86639999999943 1397.1591999999996
147.45679999999942 1447.2839999999994
161.1271999999995 1497.4087999999995
243.14959999999945 1470.0679999999993
252.26319999999947 1524.7495999999996
238.5927999999995 1597.6583999999996
183.9111999999995 1593.1015999999995
320.61519999999945 1597.6583999999996
306.9447999999995 1529.3063999999995
375.29679999999945 1561.2039999999995
502.8871999999995 1624.9991999999995
516.5575999999996 1561.2039999999995
452.76239999999956 1524.7495999999996
630.4775999999997 1593.1015999999995
648.7047999999995 1497.4087999999995
735.2839999999997 1547.5335999999995
821.8631999999996 1593.1015999999995
972.2375999999997 1606.7719999999995
1040.5895999999998 1661.4535999999996
1013.2487999999996 1547.5335999999995
1118.0551999999998 1552.0903999999996
1095.2711999999997 1474.6247999999996
1040.5895999999998 1406.2727999999995
972.2375999999997 1388.0455999999995
926.6695999999997 1456.3975999999996
899.3287999999995 1552.0903999999996
840.0903999999996 1492.8519999999996
726.1703999999995 1429.0567999999994
844.6471999999997 1401.7159999999994
821.8631999999996 1333.3639999999996
771.7383999999997 1333.3639999999996
712.4999999999994 1292.3527999999994
621.3639999999996 1310.5799999999995
571.2391999999995 1397.1591999999996
607.6935999999996 1415.3863999999994
662.3751999999997 1388.0455999999995
530.2279999999996 1397.1591999999996
461.87599999999946 1415.3863999999994
416.3079999999995 1369.8183999999994
347.9559999999995 1388.0455999999995
224.92239999999953 1337.9207999999994
156.57039999999944 1328.8071999999995
101.88879999999943 1333.3639999999996
60.877599999999404 1319.6935999999996
83.6615999999994 1260.4551999999994
28.979999999999393 1287.7959999999996
152.01359999999949 1233.1143999999995
193.02479999999952 1265.0119999999995
302.3879999999995 1274.1255999999994
343.39919999999944 1260.4551999999994
402.6375999999995 1242.2279999999994
457.3191999999995 1251.3415999999995
507.44399999999956 1233.1143999999995
575.7959999999996 1260.4551999999994
1286.6567999999997 2003.2135999999996
1619.3031999999998 1588.5447999999992
1564.6216 1515.6359999999995
1596.5191999999997 1442.7271999999996
1642.0872 1419.9431999999995
1678.5416 1501.9655999999998
1728.6663999999996 1552.0903999999996
1714.9959999999996 1652.3399999999995
1614.7464 1734.3623999999993
1714.9959999999996 1734.3623999999993
1696.7687999999998 1852.8391999999997
1673.9847999999997 2053.3383999999996
1806.1319999999996 1916.6343999999995
1742.3368 1866.5095999999996
1765.1207999999997 1770.8167999999994
1851.6999999999998 1761.7031999999995
1842.5863999999997 1643.2263999999996
1915.4951999999998 1807.2711999999997
1879.0407999999998 2007.7703999999997
1842.5863999999997 2126.2472
1983.8471999999997 2240.1672
1920.0519999999997 2490.7911999999997
2307.38 2718.6312
2548.8903999999998 2700.4039999999995
2599.0152 2499.9048
2412.1864 2299.4055999999996
2352.948 2185.4855999999995
2544.3336 2144.4743999999996
2475.9816 2035.1111999999994
2316.4936 1907.5207999999996
2229.9144 1830.0551999999996
2161.5624 1793.6007999999995
2143.3352 1675.1239999999996
2052.1992 1679.6807999999996
2006.6311999999998 1579.4311999999993
1910.9384 1479.1815999999994
1847.1432 1433.6135999999992
1737.7799999999997 1388.0455999999995
1920.0519999999997 1347.0343999999996
1997.5175999999997 1351.5911999999996
2033.9719999999998 1456.3975999999996
2088.6536 1347.0343999999996
2125.1079999999997 1488.2951999999996
2161.5624 1583.9879999999996
2234.4712 1634.1127999999997
2161.5624 1374.3751999999995
2184.3464 1392.6023999999995
2239.028 1406.2727999999995
2248.1416 1479.1815999999994
2311.9368 1492.8519999999996
2275.4824 1552.0903999999996
2334.7208 1583.9879999999996
2311.9368 1693.3511999999994
2362.0616 1807.2711999999997
2462.3112 1843.7255999999998
2407.6295999999998 1438.1703999999995
2453.1976 1451.8407999999995
2475.9816 1515.6359999999995
2480.5384 1643.2263999999996
2567.1176 1643.2263999999996
2580.788 1547.5335999999995
2571.6744 1470.0679999999993
2580.788 1378.9319999999996
2690.1512 1415.3863999999994
2758.5032 1365.2615999999996
2781.2872 1378.9319999999996
2854.196 1406.2727999999995
2913.4344 1347.0343999999996
2872.4232 1283.2391999999995
2981.7864 1292.3527999999994
3072.9224 1337.9207999999994
3123.0472 1260.4551999999994
3159.5016 1351.5911999999996
3191.3992000000003 1246.7847999999994
3236.9672 1214.8871999999994
3232.4104 1260.4551999999994
3236.9672 1315.1367999999995
3341.7736 1324.2503999999994
3328.1032 1251.3415999999995
3387.3416 1265.0119999999995
3401.012 1315.1367999999995
3437.4664000000002 1233.1143999999995
3455.6936 1301.4663999999996
3496.7048 1246.7847999999994
3510.3752 1324.2503999999994
3555.9432 1265.0119999999995
3633.4088000000006 1283.2391999999995
3710.8744 1260.4551999999994
3788.3400000000006 1274.1255999999994
3884.0328000000004 1301.4663999999996
3970.6120000000005 1274.1255999999994
4066.3048000000003 1228.5575999999994
4111.8728 1251.3415999999995
4239.4632 1283.2391999999995
4216.6792 1169.3191999999995
4216.6792 1205.7735999999995
4152.884 1324.2503999999994
2667.3672 1529.3063999999995
2817.7416 1470.0679999999993
2735.7192 1611.3287999999998
2676.4808 1656.8967999999993
2731.1624 1729.8055999999997
2649.14 1839.1687999999995
2753.9464 1916.6343999999995
2726.6056 2117.1335999999997
2908.8776000000003 1980.4295999999997
2881.5368 2153.5879999999997
2936.2184 2267.508
2981.7864 2477.1207999999997
3045.5816 2417.8823999999995
3236.9672 2226.4968
3009.1272 2126.2472
3168.6152 2103.4631999999997
3031.9112 1989.5431999999998
2940.7752 1884.7367999999997
2849.6392 1834.6119999999996
2840.5256 1661.4535999999996
2867.8664 1597.6583999999996
2917.9912 1538.4199999999994
3009.1272 1547.5335999999995
3086.5928 1533.8631999999996
3164.0584 1511.0791999999992
3072.9224 1634.1127999999997
2959.0024 1697.9079999999997
3059.252 1770.8167999999994
3154.9448 1816.3847999999996
3168.6152 1697.9079999999997
3246.0808 1588.5447999999992
3214.1832 1447.2839999999994
3268.8648000000003 1383.4887999999994
3300.7624000000005 1451.8407999999995
3460.2504000000004 1447.2839999999994
3546.8296 1406.2727999999995
3665.3064 1365.2615999999996
3733.6584 1337.9207999999994
3642.5224000000003 1433.6135999999992
3628.8520000000003 1506.5223999999996
3519.4888 1547.5335999999995
3396.4552000000003 1670.5671999999995
3350.8872 1743.4759999999997
3182.2856 1857.3959999999995
3264.308 1861.9527999999996
3323.5464 1994.0999999999995
3469.364 2139.9175999999998
3314.4328 2449.7799999999997
3473.9208000000003 2714.0744
3719.988 2436.1096
3628.8520000000003 2285.7351999999996
3815.6808000000005 2376.8711999999996
4011.6232000000005 2344.9736
4093.6456000000003 2504.4615999999996
4125.5432 2750.5287999999996
4125.5432 2244.7239999999997
3833.908 2126.2472
3601.5112000000004 2016.8839999999996
3492.148 1953.0887999999995
3396.4552000000003 1866.5095999999996
3619.7383999999997 1752.5895999999996
3610.6248 1843.7255999999998
3765.556 1962.2023999999997
3884.0328000000004 1975.8727999999996
3929.6008000000006 1880.1799999999994
3984.2824000000005 2016.8839999999996
4084.5320000000006 1907.5207999999996
4157.440799999999 2007.7703999999997
4257.6903999999995 2126.2472
4248.5768 1816.3847999999996
4175.668 1725.2487999999998
4043.5208000000007 1770.8167999999994
4089.0888 1615.8855999999994
4011.6232000000005 1574.8743999999995
4130.099999999999 1506.5223999999996
4166.5544 1570.3175999999999
4221.236 1483.7383999999995
4257.6903999999995 1378.9319999999996
4070.861600000001 1406.2727999999995
3979.7256 1406.2727999999995
3938.7144000000003 1337.9207999999994
3902.2599999999998 1388.0455999999995
3902.2599999999998 1488.2951999999996
3956.9416000000006 1542.9767999999997
3792.8968 1565.7607999999996
3756.4424000000004 1465.5111999999997
3852.1352 1661.4535999999996
3838.4648 1802.7143999999998
3747.3288 1688.7943999999998
3701.7608000000005 1579.4311999999993
3546.8296 1606.7719999999995
27.178313359392998 1236.3585435592568
82.53067431939306 1221.4559848392566
66.56364711939304 1202.2955521992567
25.049376399392994 1187.3929934792568
66.56364711939304 1148.0076597192567
18.66256551939298 1120.3314792392566
48.46768295939301 1105.4289205192567
13.340223119392984 1086.2684878792566
62.30577319939302 1086.2684878792566
12.275754639392982 1061.7857128392566
52.72555687939302 1025.5937845192566
9.08234919939299 1023.4648475592566
36.758529679393 991.5307931592565
81.46620583939304 987.2729192392565
67.62811559939303 980.8861083592565
69.75705255939303 940.4363061192565
86.78854823939304 934.0494952392564
114.46472871939307 938.3073691592565
71.88598951939304 906.3733147592565
12.275754639392982 925.5337473992565
9.08234919939299 880.8260712392564
64.43471015939305 878.6971342792565
107.01344935939306 840.3762689992565
99.56216999939306 805.2488091592564
59.11236775939303 816.9579624392564
29.307250319393003 773.3147547592564
6.953412239392986 809.5066830792564
77.20833191939303 746.7030427592564
136.81856679939307 753.0898536392564
179.3973059993931 765.8634753992563
176.2039005593931 836.1183950792564
200.68667559939314 830.7960526792564
219.84710823939315 854.2143592392564
113.40026023939308 874.4392603592564
176.2039005593931 903.1799093192565
191.1064592793931 936.1784321992565
180.4617744793931 976.6282344392565
169.81708967939312 1005.3688833992566
131.49622439939304 996.8531355592565
160.2368733593931 1055.3989019592566
199.62220711939312 1029.8516584392567
252.84563111939323 1047.9476225992566
221.97604519939318 1089.4618933192567
283.7152170393932 1080.9461454792565
237.94307239939315 1109.6867944392566
270.9415952793932 1134.1695694792566
242.20094631939315 1148.0076597192567
186.84858535939316 1133.1051009992566
142.1409091993931 1127.7827585992566
143.2053776793931 1097.9776411592566
114.46472871939307 1074.5593345992565
99.56216999939306 1026.6582529992565
95.30429607939305 1049.0120910792566
224.10498215939316 980.8861083592565
227.29838759939315 951.0809909192565
230.49179303939314 908.5022517192565
249.65222567939315 823.3447733192564
287.97309095939323 890.4062875592565
280.5218115993932 912.7601256392564
282.6507485593932 956.4033333192565
263.4903159193932 974.4992974792565
248.5877571993932 1000.0465409992565
318.84267687939325 1002.1754779592566
296.4888387993932 1037.3029377992566
363.55035303939326 1019.2069736392566
361.4214160793933 1055.3989019592566
374.19503783939325 1063.9146497992565
401.87121831939334 1083.0750824392567
405.0646237593933 1134.1695694792566
344.38992039939325 1133.1051009992566
350.77673127939323 1222.5204533192568
261.36137895939316 1202.2955521992567
275.1994691993932 1227.8427957192566
175.13943207939315 1177.8127771592567
438.0631466393933 1158.6523445192565
384.8397226393933 1191.6508673992566
459.3525162393933 1111.8157313992565
468.9327325593934 1183.1351195592567
505.12466087939345 1201.2310837192567
625.4095991193934 1178.8772456392567
672.2462122393935 1238.4874805192567
751.0168797593935 1244.874291399257
691.4066448793934 1187.3929934792568
791.4666819993936 1191.6508673992566
851.0769168793936 1225.7138587592567
928.7831159193937 1249.1321653192567
923.4607735193937 1187.3929934792568
988.3933507993937 1209.7468315592566
970.2973866393937 1162.9102184392566
951.1369539993938 1140.5563803592568
939.4278007193938 1111.8157313992565
968.1684496793936 1086.2684878792566
950.0724855193936 1057.5278389192565
908.5582147993937 1083.0750824392567
875.5596919193936 1089.4618933192567
837.2388266393936 1091.5908302792566
826.5941418393936 1130.9761640392567
796.7890243993935 1091.5908302792566
753.1458167193936 1145.8787227592566
748.8879427993935 1103.2999835592566
719.0828253593935 1087.3329563592565
686.0843024793935 1089.4618933192567
664.7949328793934 1106.4933889992567
636.0542839193935 1127.7827585992566
621.1517251993934 1080.9461454792565
578.5729859993934 1152.2655336392568
529.6074359193933 1096.9131726792566
553.0257424793933 1138.4274433992566
478.5129488793934 1071.3659291592567
497.67338151939333 1033.0450638792565
432.7408042393933 1021.3359105992565
436.99867815939336 992.5952616392565
469.99720103939336 976.6282344392565
492.3510391193934 968.1124865992565
522.1561565593934 1007.4978203592566
578.5729859993934 1039.4318747592565
574.3151120793933 998.9820725192565
584.9597968793934 972.3703605192566
550.8968055193934 974.4992974792565
576.4440490393933 951.0809909192565
542.3810576793934 944.6941800392565
535.9942467993933 912.7601256392564
499.80231847939336 908.5022517192565
466.80379559939337 896.7930984392565
471.0616695193933 938.3073691592565
444.4499575193933 925.5337473992565
419.96718247939333 944.6941800392565
384.8397226393933 958.5322702792565
356.09907367939326 935.1139637192565
324.1650192793932 951.0809909192565
358.2280106393933 906.3733147592565
350.77673127939323 884.0194766792565
286.9086224793932 876.5681973192565
298.6177757593932 819.0868993992564
228.36285607939317 884.0194766792565
320.9716138393932 776.5081601992564
367.80822695939327 792.4751873992564
275.1994691993932 756.2832590792564
256.0390365593932 767.9924123592564
208.13795495939314 774.3792232392564
425.28952487939335 740.3162318792563
399.7422813593933 745.6385742792563
372.0661008793933 739.2517633992563
419.96718247939333 772.2502862792563
441.2565520793933 762.6700699592564
438.0631466393933 793.5396558792564
415.70930855939326 806.3132776392564
373.1305693593933 845.6986113992564
393.35547047939326 839.3118005192564
442.3210205593933 816.9579624392564
411.4514346393933 851.0209537992564
374.19503783939325 876.5681973192565
386.9686595993933 891.4707560392565
395.4844074393933 915.9535310792564
435.9342096793933 885.0839451592565
434.86974119939333 857.4077646792564
475.3195434393934 869.1169179592564
482.77082279939333 832.9249896392564
514.7048771993933 893.5996929992565
557.2836163993934 855.2788277192565
546.6389315993933 839.3118005192564
504.06019239939343 872.3103233992565
533.8653098393934 823.3447733192564
550.8968055193934 791.4107189192564
502.99572391939336 791.4107189192564
527.4784989593934 772.2502862792563
512.5759402393934 753.0898536392564
493.4155075993934 752.0253851592563
472.1261379993934 744.5741057992564
483.8352912793934 767.9924123592564
473.19060647939335 792.4751873992564
574.3151120793933 757.3477275592563
578.5729859993934 793.5396558792564
590.2821392793934 824.4092417992564
589.2176707993934 838.2473320392564
614.7649143193934 862.7301070792564
617.9583197593934 897.8575669192564
577.5085175193934 899.9865038792565
595.6044816793934 917.0179995592565
615.8293827993934 941.5007745992565
632.8608784793934 957.4678017992564
661.6015274393934 1013.8846312392566
631.7964099993934 1009.6267573192565
712.6960144793935 972.3703605192566
680.7619600793935 976.6282344392565
682.8908970393935 928.7271528392565
667.9883383193934 921.2758734792565
638.1832208793934 914.8890625992565
665.8594013593935 878.6971342792565
647.7634371993935 868.0524494792564
625.4095991193934 821.2158363592564
624.3451306393935 783.9594395592563
646.6989687193934 790.3462504392564
604.1202295193934 740.3162318792563
621.1517251993934 741.3807003592564
669.0528067993935 738.1872949192564
695.6645187993935 766.9279438792564
665.8594013593935 808.4422145992564
686.0843024793935 818.0224309192564
691.4066448793934 837.1828635592565
702.0513296793935 859.5367016392564
730.7919786393935 890.4062875592565
761.6615645593935 952.1454593992565
759.5326275993935 978.7571713992565
759.5326275993935 1021.3359105992565
788.2732765593936 1030.9161269192566
807.4337091993935 1018.1425051592566
838.3032951193936 1038.3674062792566
867.0439440793936 1016.0135681992565
897.9135299993936 1027.7227214792565
902.1714039193936 1055.3989019592566
959.6527018393937 996.8531355592565
903.2358723993937 983.0150453192565
853.2058538393936 979.8216398792565
815.9494570393936 978.7571713992565
787.2088080793935 977.6927029192566
807.4337091993935 928.7271528392565
787.2088080793935 911.6956571592565
799.9824298393936 871.2458549192564
758.4681591193935 853.1498907592564
754.2102851993935 814.8290254792564
725.4696362393935 840.3762689992565
738.2432579993934 797.7975297992564
728.6630416793935 777.5726286792564
747.8234743193935 782.8949710792564
778.6930602393935 774.3792232392564
814.8849885593936 791.4107189192564
832.9809527193936 757.3477275592563
856.3992592793936 804.1843406792564
806.3692407193936 825.4737102792565
838.3032951193936 842.5052059592564
822.3362679193935 866.9879809992565
858.5281962393935 857.4077646792564
846.8190429593935 901.0509723592564
832.9809527193936 927.6626843592564
853.2058538393936 939.3718376392565
905.3648093593936 942.5652430792566
936.2343952793937 912.7601256392564
914.9450256793936 898.9220353992564
893.6556560793936 882.9550081992564
926.6541789593936 860.6011701192565
944.7501431193936 876.5681973192565
896.8490615193937 849.9564853192564
881.9465027993936 833.9894581192564
900.0424669593937 814.8290254792564
926.6541789593936 797.7975297992564
904.3003408793936 765.8634753992563
867.0439440793936 770.1213493192564
966.7683795442691 894.6641614792563
975.2841273842691 917.0179995592564
981.6709382642691 963.8546126792564
990.1866861042691 1028.7871899592565
1013.6049926642692 1037.3029377992566
1030.6364883442693 1049.0120910792566
1011.4760557042691 1097.9776411592566
1056.1837318642692 1119.2670107592567
1064.6994797042694 1181.0061825992566
1013.6049926642692 1151.2010651592566
1047.6679840242691 1217.1981109192566
1054.0547949042693 1273.6149403592567
1084.9243808242693 1303.420057799257
989.1222176242692 1299.1621838792566
1078.5375699442693 1366.2236981192568
941.2211360242691 1330.0317697992568
1037.0232992242693 1330.0317697992568
923.1251718642691 1300.2266523592568
1207.4374372694288 749.8964481992564
1244.6938340694287 734.9938894792564
1205.3085003094286 776.5081601992564
1224.4689329494286 798.8619982792563
1239.3714916694287 790.3462504392564
1267.0476721494288 798.8619982792563
1267.0476721494288 755.2187905992564
1318.1421591894289 804.1843406792564
1303.2396004694288 833.9894581192565
1279.8212939094287 852.0854222792565
1301.1106635094288 779.7015656392564
1317.0776907094287 762.6700699592564
1353.269619029429 765.8634753992563
1384.1392049494289 748.8319797192563
1399.0417636694287 761.6056014792564
1385.2036734294288 793.5396558792564
1411.815385429429 788.2173134792564
1352.2051505494287 806.3132776392564
1324.5289700694289 844.6341429192564
1342.6249342294288 879.7616027592564
1363.9143038294287 853.1498907592564
1330.9157809494288 914.8890625992565
1305.3685374294287 891.4707560392565
1386.2681419094288 857.4077646792565
1393.7194212694287 833.9894581192565
1363.9143038294287 909.5667201992565
1413.9443223894289 908.5022517192565
1387.3326103894287 902.1154408392565
1419.266664789429 930.8560897992566
1394.783889749429 944.6941800392565
1441.620502869429 947.8875854792566
1421.3956017494288 1005.3688833992567
1457.5875300694288 1005.3688833992567
1465.038809429429 969.1769550792566
1507.617548629429 1004.3044149192566
1541.680539989429 1057.5278389192567
1565.098846549429 1107.5578574792567
1489.521584469429 1089.4618933192567
1449.071782229429 1063.9146497992567
1549.131819349429 1144.8142542792568
1602.355243349429 1174.6193717192568
1598.097369429429 1112.8801998792567
1660.901009749429 1111.8157313992567
1640.676108629429 1161.8457499592569
1674.7390999894292 1173.5549032392569
1647.062919509429 1212.9402369992567
1607.677585749429 1227.8427957192569
1667.287820629429 1250.1966337992567
1588.517153109429 1380.061788359257
1631.095892309429 1360.901355719257
1711.9954967894291 1337.483049159257
1777.9925425494293 1232.100669639257
1829.0870295894292 1243.809822919257
1901.4708862294292 1203.3600206792569
1954.6943102294294 1268.292597959257
1955.7587787094294 1223.5849217992568
1884.4393905494294 1310.8713371592569
2021.7558244694294 1272.5504718792567
2061.1411582294295 1261.9057870792567
2099.4620235094294 1273.6149403592567
2139.911825749429 1298.097715399257
2106.9133028694296 1191.6508673992569
2056.8832843094297 1191.6508673992569
2026.0136983894295 1134.1695694792568
2099.4620235094294 1112.8801998792567
2071.7858430294295 1148.0076597192567
2060.0766897494295 1094.7842357192567
2060.0766897494295 1031.9805953992566
1989.8217700694295 1115.0091368392568
1940.8562199894293 1135.2340379592567
1964.2745265494293 1070.3014606792567
1911.0511025494293 1089.4618933192567
1838.6672459094293 1092.6552987592568
1862.0855524694293 1170.3614977992568
1780.1214795094293 1190.5863989192567
1822.7002187094292 1165.0391553992567
1741.8006142294291 1152.2655336392568
1741.8006142294291 1132.0406325192566
1705.6086859094291 1106.4933889992567
1755.6387044694293 1091.5908302792568
1731.155929429429 1076.6882715592567
1696.028469589429 1063.9146497992567
1652.3852619094291 1063.9146497992567
1586.388216149429 1044.7542171592568
1631.095892309429 1028.7871899592567
1680.061442389429 1024.5293160392566
1729.0269924694292 1011.7556942792567
1760.961046869429 1029.8516584392567
1804.6042545494292 1050.0765595592566
1843.989588309429 1041.5608117192567
1870.6013003094292 1059.6567758792567
1927.0181297494294 1031.9805953992566
1975.9836798294293 997.9176040392566
1995.1441124694293 972.3703605192566
2107.9777713494295 1034.1095323592567
2138.8473572694293 1040.4963432392567
2146.2986366294294 1083.0750824392567
2150.5565105494297 993.6597301192567
2147.36310510943 958.5322702792565
2107.9777713494295 983.0150453192566
2087.7528702294294 976.6282344392566
2063.2700951894294 978.7571713992565
1958.9521841494293 959.5967387592566
1905.7287601494293 967.0480181192565
1879.1170481494291 989.4018561992566
1852.5053361494292 960.6612072392566
1822.7002187094292 996.8531355592565
1769.4767947094292 970.2414235592565
1707.737622869429 943.6297115592565
1672.610163029429 964.9190811592566
1667.287820629429 944.6941800392565
1626.8380183894292 931.9205582792565
1609.806522709429 1000.0465409992566
1560.840972629429 1021.3359105992566
1567.227783509429 990.4663246792566
1571.485657429429 927.6626843592566
1533.164792149429 948.9520539592565
1542.745008469429 910.6311886792565
1484.199242069429 909.5667201992565
1455.4585931094289 893.5996929992565
1434.1692235094288 878.6971342792565
1420.3311332694288 856.3432961992564
1454.394124629429 844.6341429192564
1435.2336919894287 840.3762689992565
1456.5230615894288 802.0554037192564
1422.4600702294288 811.6356200392564
1466.103277909429 764.7990069192564
1456.5230615894288 748.8319797192563
1428.846881109429 755.2187905992564
1494.843926869429 743.5096373192564
1531.035855189429 743.5096373192564
1479.9413681494289 787.1528449992564
1489.521584469429 821.2158363592564
1490.586052949429 844.6341429192564
1496.972863829429 882.9550081992566
1523.584575829429 870.1813864392565
1517.1977649494288 840.3762689992565
1520.391170389429 807.3777461192565
1548.067350869429 761.6056014792564
1562.9699095894289 793.5396558792564
1582.130342229429 778.6370971592564
1565.098846549429 770.1213493192564
1580.0014052694291 752.0253851592563
1602.355243349429 741.3807003592564
1635.353766229429 753.0898536392564
1618.322270549429 770.1213493192564
1593.839495509429 804.1843406792564
1586.388216149429 838.2473320392564
1566.163315029429 866.9879809992565
1543.809476949429 846.7630798792565
1619.386739029429 884.0194766792565
1590.646090069429 889.3418190792565
1625.773549909429 848.8920168392565
1628.966955349429 810.5711515592565
1654.514198869429 797.7975297992564
1651.3207934294292 836.1183950792564
1656.643135829429 876.5681973192565
1687.5127217494291 862.7301070792564
1686.4482532694292 831.8605211592565
1714.124433749429 764.7990069192564
1652.3852619094291 770.1213493192564
1678.996973909429 741.3807003592564
1729.0269924694292 743.5096373192564
1744.9940196694292 775.4436917192563
1735.4138033494291 810.5711515592565
1697.0929380694292 810.5711515592565
1703.479748949429 785.0239080392564
1684.319316309429 787.1528449992564
1759.8965783894291 840.3762689992565
1729.0269924694292 876.5681973192565
1711.9954967894291 897.8575669192564
1775.8636055894292 891.4707560392565
1777.9925425494293 929.7916213192566
1815.2489393494293 910.6311886792565
1842.9251198294291 879.7616027592564
1817.3778763094292 871.2458549192565
1795.0240382294292 869.1169179592565
1805.6687230294292 820.1513678792564
1845.0540567894293 843.5696744392565
1874.8591742294293 876.5681973192565
1865.2789579094292 909.5667201992565
1932.3404721494294 910.6311886792565
1897.2130123094294 855.2788277192565
1890.8262014294291 825.4737102792565
1854.6342731094292 819.0868993992565
1872.7302372694294 785.0239080392564
1833.3449035094293 757.3477275592563
1789.7016958294294 775.4436917192563
1767.3478577494293 806.3132776392564
1771.6057316694291 750.9609166792563
1885.5038590294293 744.5741057992564
1905.7287601494293 780.7660341192563
1941.9206884694295 788.2173134792564
1921.6957873494293 836.1183950792564
1942.9851569494294 844.6341429192564
1960.0166526294292 809.5066830792564
1965.3389950294295 759.4766645192564
1918.5023819094295 744.5741057992564
1991.9507070294294 771.1858177992564
2011.1111396694296 790.3462504392564
2008.9822027094294 825.4737102792565
1983.4349591894293 855.2788277192565
2026.0136983894295 864.8590440392564
2015.3690135894294 887.2128821192565
2004.7243287894294 930.8560897992566
2045.1741310294294 922.3403419592565
2055.8188158294297 876.5681973192565
2083.4949963094296 864.8590440392564
2088.8173387094294 912.7601256392566
2117.5579876694296 888.2773505992565
2150.5565105494297 814.8290254792564
2105.8488343894296 821.2158363592564
2080.3015908694297 825.4737102792565
2122.8803300694294 776.5081601992564
2079.2371223894297 779.7015656392564
2040.9162571094294 785.0239080392564
2071.7858430294295 756.2832590792564
2039.8517886294294 749.8964481992564
2012.1756081494295 746.7030427592564
1993.0151755094294 744.5741057992564
2142.0407627094296 906.3733147592566
2247.0391032220223 1317.2581480392569
2250.232508662022 1247.0032283592568
2185.299931382022 1257.6479131592569
2193.815679222022 1210.8113000392568
2150.172471542022 1159.7168129992567
2206.589300982022 1153.3300021192567
2204.460364022022 1086.2684878792566
2257.6837880220223 1177.8127771592567
2274.715283702022 1123.5248846792567
2240.652292342022 1058.5923073992567
2313.036148982022 1013.8846312392566
2264.070598902022 989.4018561992566
2236.394418422022 943.6297115592565
2192.751210742022 961.7256757192565
2193.815679222022 917.0179995592564
2220.427391222022 895.7286299592564
2250.232508662022 885.0839451592565
2232.136544502022 840.3762689992564
2187.428868342022 854.2143592392564
2175.719715062022 792.4751873992564
2161.881624822022 848.8920168392564
2236.394418422022 800.9909352392563
2217.233985782022 759.4766645192562
2283.2310315420223 787.1528449992563
2300.262527222022 783.9594395592563
2323.680833782022 810.5711515592564
2276.844220662022 837.1828635592564
2304.5204011420224 906.3733147592565
2335.389987062022 903.1799093192565
2381.162131702022 891.4707560392565
2391.8068165020222 861.6656385992563
2379.0331947420223 838.2473320392563
2346.034671862022 825.4737102792564
2342.8412664220223 779.7015656392563
2366.2595729820223 771.1858177992563
2336.454455542022 741.3807003592563
2415.2251230620222 767.9924123592563
2371.581915382022 738.1872949192563
2434.3855557020224 750.9609166792562
2440.772366582022 763.7345384392563
2467.3840785820225 743.5096373192563
2480.1577003420225 787.1528449992563
2431.1921502620226 816.9579624392563
2402.4515013020223 808.4422145992563
2440.772366582022 859.5367016392563
2445.0302405020225 892.5352245192564
2432.2566187420225 927.6626843592564
2380.097663222022 929.7916213192565
2332.196581622022 977.6927029192565
2343.9057349020222 958.5322702792565
2379.0331947420223 990.4663246792566
2300.262527222022 960.6612072392566
2412.0317176220224 989.4018561992566
2359.872762102022 1071.3659291592567
2317.2940229020223 1068.1725237192566
2344.970203382022 1151.2010651592568
2346.034671862022 1110.7512629192568
2383.291068662022 1143.7497857992566
2335.389987062022 1192.7153358792568
2335.389987062022 1196.973209799257
2384.3555371420225 1231.036201159257
2300.262527222022 1258.7123816392568
2336.454455542022 1321.516021959257
2424.8053393820223 1316.193679559257
2500.3826014620226 1298.097715399257
2480.1577003420225 1256.583444679257
2482.2866373020224 1223.5849217992568
2445.0302405020225 1183.1351195592567
2474.8353579420223 1115.0091368392566
2437.5789611420223 1097.9776411592566
2408.8383121820225 1067.1080552392566
2474.8353579420223 1050.0765595592566
2457.8038622620224 996.8531355592565
2451.4170513820222 972.3703605192566
2459.9327992220224 942.5652430792564
2524.8653765020226 758.4121960392563
2525.9298449820226 795.6685928392563
2491.8668536220225 811.6356200392563
2474.8353579420223 837.1828635592564
2511.0272862620222 839.3118005192564
2486.5445112220223 881.8905397192564
2496.1247275420224 914.8890625992565
2508.8983493020223 970.2414235592565
2525.9298449820226 1034.1095323592567
2571.7019896220227 1068.1725237192566
2574.8953950620225 1134.1695694792568
2611.0873233820225 1143.7497857992566
2557.8638993820223 1201.2310837192567
2595.1202961820227 1212.9402369992567
2633.4411614620226 1281.0662197192569
2590.8624222620224 1320.451553479257
2667.5041528220227 1258.7123816392568
2681.3422430620226 1189.5219304392567
2696.2448017820225 1144.8142542792566
2705.8250181020226 1095.8487041992566
2649.4081886620224 1087.3329563592565
2697.3092702620224 1067.1080552392566
2713.2762974620227 1029.8516584392567
2682.4067115420225 1019.2069736392566
2663.246278902023 988.3373877192565
2666.4396843420227 1029.8516584392567
2620.6675397020226 1041.5608117192567
2615.345197302023 989.4018561992566
2580.2177374620223 1014.9490997192565
2572.7664581020226 979.8216398792565
2566.3796472220224 942.5652430792564
2630.2477560220227 923.4048104392565
2611.0873233820225 896.7930984392565
2602.5715755420224 939.3718376392565
2549.3481515420226 889.3418190792564
2585.5400798620226 860.6011701192564
2557.8638993820223 837.1828635592564
2594.0558277020227 809.5066830792563
2570.6375211420227 804.1843406792564
2584.4756113820226 780.7660341192562
2566.3796472220224 750.9609166792562
2600.4426385820225 760.5411329992562
2618.5386027420227 776.5081601992563
2644.0858462620226 750.9609166792562
2651.5371256220224 808.4422145992563
2655.7949995420227 785.0239080392563
2613.2162603420225 835.0539265992563
2635.5700984220225 872.3103233992564
2663.246278902023 847.8275483592564
2661.1173419420224 886.1484136392564
2688.7935224220228 840.3762689992564
2717.5341713820226 876.5681973192563
2730.3077931420225 820.1513678792563
2696.2448017820225 797.7975297992563
2683.4711800220225 767.9924123592563
2717.5341713820226 770.1213493192563
2733.501198582023 789.2817819592563
2745.210351862023 755.2187905992563
2775.0154693020227 744.5741057992562
2781.402280182023 775.4436917192563
2783.531217142023 804.1843406792564
2770.757595382023 820.1513678792563
2763.3063160220227 846.7630798792563
2771.822063862023 882.9550081992564
2743.0814149020225 924.4692789192565
2777.144406262023 940.4363061192564
2726.0499192220227 973.4348289992565
2750.5326942620227 987.2729192392565
2691.9869278620226 955.3388648392565
2649.4081886620224 963.8546126792564
2671.7620267420225 938.3073691592565
2852.721668342023 981.9505768392565
2843.141452022023 1029.8516584392567
2830.367830262023 1082.0106139592567
2775.0154693020227 1080.9461454792568
2755.855036662023 1157.5878760392568
2830.367830262023 1140.5563803592568
2806.949523702023 1186.3285249992568
2755.855036662023 1234.2296065992568
2830.367830262023 1238.487480519257
2869.7531640220227 1168.2325608392566
2695.1803333020225 1326.838364359257
2928.2989304220227 1170.3614977992568
2951.7172369820228 1203.3600206792566
3030.487904502023 1240.6164174792568
3086.904733942023 1181.0061825992568
3021.972156662023 1143.7497857992566
2985.780228342023 1105.4289205192567
2931.492335862023 1102.2355150792566
2880.3978488220228 1102.2355150792566
2882.5267857820227 1054.3344334792566
2944.265957622023 1012.8201627592566
3007.069597942023 1051.1410280392565
3087.969202422023 1072.4303976392566
3096.484950262023 1027.7227214792565
3058.1640849820233 1027.7227214792565
3004.940660982023 1021.3359105992565
2907.0095608220226 983.0150453192565
2801.627181302023 951.0809909192565
2871.882100982023 943.6297115592565
2924.041056502023 944.6941800392565
2945.330426102023 951.0809909192565
2993.231507702023 976.6282344392565
3068.8087697820233 975.5637659592566
3117.7743198620233 976.6282344392565
3087.969202422023 946.8231169992565
3028.358967542023 925.5337473992565
2996.424913142023 908.5022517192565
2962.361921782023 911.6956571592564
2963.4263902620232 887.2128821192564
2938.943615222023 869.1169179592564
2894.235939062023 891.4707560392565
2886.784659702023 869.1169179592564
2849.528262902023 902.1154408392564
2830.367830262023 857.4077646792564
2816.529740022023 879.7616027592564
2835.6901726620226 819.0868993992564
2870.817632502023 814.8290254792563
2892.1070021020228 848.8920168392564
2864.430821622023 783.9594395592563
2833.5612357020227 774.3792232392562
2909.138497782023 797.7975297992563
2916.589777142023 774.3792232392562
2953.8461739420227 765.8634753992562
2947.459363062023 807.3777461192564
2962.361921782023 844.6341429192564
2985.780228342023 820.1513678792563
3006.005129462023 802.0554037192563
3029.423436022023 824.4092417992563
3056.035148022023 852.0854222792564
2998.553850102023 864.8590440392563
3049.648337142023 896.7930984392565
3116.7098513820233 886.1484136392564
3106.0651665820233 847.8275483592564
3077.324517622023 846.7630798792563
3086.904733942023 806.3132776392563
3114.580914422023 779.7015656392563
3067.744301302023 799.9264667592563
3098.613887222023 747.7675112392562
3073.066643702023 744.5741057992562
3084.775796982023 770.1213493192563
3030.487904502023 744.5741057992562
3041.132589302023 792.4751873992564
3004.940660982023 767.9924123592563
2928.2989304220227 742.4451688392562
3152.049512955851 759.4766645192564
3149.920575995851 808.4422145992564
3164.8231347158508 839.3118005192564
3175.467819515851 884.0194766792565
3154.1784499158507 937.2429006792565
3193.563783675851 961.7256757192565
3169.0810086358506 1024.5293160392566
3168.0165401558506 986.2084507592566
3212.7242163158508 1017.0780366792567
3225.4978380758507 1058.5923073992567
3160.565260795851 1082.0106139592567
3203.1439999958507 1104.3644520392568
3162.694197755851 1144.8142542792568
3159.500792315851 1186.3285249992568
3243.593802235851 1139.4919118792568
3306.397442555851 1162.9102184392568
3364.943208955851 1129.9116955592567
3309.5908479958507 1074.5593345992565
3273.3989196758507 1064.9791182792567
3254.238487035851 1001.1110094792566
3322.364469755851 1008.5622888392566
3232.949117435851 1008.5622888392566
3236.142522875851 959.5967387592566
3234.013585915851 920.2114049992565
3243.593802235851 886.1484136392564
3210.595279355851 880.8260712392565
3228.691243515851 856.3432961992564
3204.2084684758506 803.1198721992564
3235.078054395851 776.5081601992564
3189.3059097558507 770.1213493192564
3276.592325115851 753.0898536392564
3281.914667515851 790.3462504392564
3308.5263795158507 781.8305025992564
3302.139568635851 832.9249896392564
3313.848721915851 761.6056014792564
3331.9446860758508 753.0898536392564
3334.073623035851 792.4751873992564
3372.394488315851 780.7660341192563
3371.330019835851 753.0898536392564
3411.779822075851 776.5081601992564
3397.941731835851 822.2803048392565
3361.749803515851 836.1183950792564
3377.716830715851 855.2788277192565
3326.622343675851 869.1169179592565
3288.301478395851 852.0854222792565
3278.721262075851 874.4392603592564
3339.395965435851 922.3403419592565
3312.784253435851 958.5322702792565
3362.814271995851 989.4018561992566
3375.587893755851 1041.5608117192567
3367.072145915851 957.4678017992566
3401.135137275851 941.5007745992566
3413.9087590358513 1029.8516584392567
3463.938777595851 979.8216398792566
3477.776867835851 1017.0780366792567
3494.808363515851 1100.1065781192567
3452.229624315851 1068.1725237192568
3418.166632955851 1107.5578574792567
3489.486021115851 1174.6193717192568
3455.423029755851 1151.2010651592568
3582.0947788758513 1108.6223259592566
3534.1936972758513 1109.6867944392566
3552.289661435851 1068.1725237192568
3587.417121275851 1014.9490997192565
3599.126274555851 971.3058920392566
3558.6764723158512 961.7256757192565
3607.642022395851 941.5007745992566
3587.417121275851 925.5337473992565
3516.097733115851 902.1154408392565
3573.579031035851 889.3418190792565
3612.964364795851 878.6971342792565
3601.2552115158514 838.2473320392564
3520.355607035851 854.2143592392565
3460.7453721558513 853.1498907592564
3494.808363515851 829.7315841992564
3533.1292287958513 826.5381787592564
3568.2566886358513 819.0868993992565
3463.938777595851 797.7975297992564
3460.7453721558513 822.2803048392565
3452.229624315851 761.6056014792564
3409.650885115851 740.3162318792563
3516.097733115851 781.8305025992564
3506.5175167958514 746.7030427592564
3566.127751675851 756.2832590792564
3594.8684006358512 766.9279438792564
3634.253734395851 763.7345384392563
3639.5760767958513 816.9579624392564
3599.126274555851 792.4751873992564
3669.381194235851 837.1828635592565
3661.9299148758514 884.0194766792565
3682.154815995851 899.9865038792565
3681.090347515851 932.9850267592565
3643.833950715851 951.0809909192566
3681.090347515851 1035.1740008392567
3637.447139835851 1035.1740008392567
3689.6060953558513 974.4992974792566
3650.2207615958514 1106.4933889992567
3731.1203660758515 1138.4274433992568
3694.9284377558515 1185.2640565192569
3654.4786355158512 1208.682363079257
3823.729123835851 1163.9746869192568
3817.3423129558514 1106.4933889992567
3791.7950694358515 1076.6882715592567
3746.0229247958514 1058.5923073992567
3765.1833574358516 985.1439822792565
3728.991429115851 954.2743963592566
3717.2822758358516 891.4707560392565
3752.409735675851 882.9550081992566
3694.9284377558515 852.0854222792565
3715.153338875851 786.0883765192564
3678.961410555851 773.3147547592564
3756.6676095958514 742.4451688392563
3798.1818803158512 759.4766645192564
3839.6961510358515 796.7330613192564
3839.6961510358515 824.4092417992564
3812.0199705558516 816.9579624392564
3773.6991052758513 846.7630798792565
3808.8265651158513 886.1484136392564
3777.9569791958515 915.9535310792565
3781.1503846358514 946.8231169992565
3821.6001868758513 940.4363061192565
3854.5987097558514 887.2128821192565
3884.4038271958516 859.5367016392565
3873.7591423958515 815.8934939592564
3897.1774489558516 884.0194766792565
3873.7591423958515 935.1139637192565
3862.0499891158515 970.2414235592565
3806.6976281558514 988.3373877192566
3867.3723315158513 1050.0765595592566
3892.9195750358513 986.2084507592566
3825.8580607958515 1018.1425051592566
3929.1115033558517 956.4033333192565
3945.0785305558516 993.6597301192567
3947.2074675158515 1066.0435867592566
3907.8221337558516 1159.7168129992567
3973.819179515852 1153.3300021192567
3897.1774489558516 1102.2355150792566
3997.237486075852 1060.7212443592566
4044.074099195852 1059.6567758792567
4069.621342715852 993.6597301192567
3995.1085491158515 1004.3044149192566
3990.8506751958516 945.7586485192566
4020.655792635852 953.2099278792566
4035.5583513558518 919.1469365192565
3983.3993958358515 894.6641614792566
3946.1429990358515 891.4707560392565
3968.4968371158516 829.7315841992564
3905.6931967958517 774.3792232392564
3885.4682956758516 773.3147547592564
3846.0829619158512 738.1872949192564
4001.4953599958517 771.1858177992564
3950.400872955852 792.4751873992564
4031.3004774358515 809.5066830792564
4065.363468795852 855.2788277192565
4049.3964415958517 778.6370971592564
4038.7517567958516 748.8319797192563
4018.526855675852 1190.5863989192567
3750.2807987158512 1094.7842357192567
4231.983596400605 1091.5908302792566
4172.373361520606 1086.2684878792566
4144.697181040606 1080.9461454792565
4217.081037680606 1050.0765595592566
4191.533794160606 1031.9805953992566
4127.6656853606055 1012.8201627592565
4132.988027760605 983.0150453192565
4114.892063600606 943.6297115592564
4195.791668080606 945.7586485192564
4210.694226800606 979.8216398792565
4260.724245360606 971.3058920392565
4270.3044616806055 1040.4963432392565
4259.659776880606 935.1139637192564
4254.337434480605 904.2443777992564
4214.952100720606 907.4377832392564
4163.857613680606 889.3418190792563
4174.5022984806055 851.0209537992564
4109.569721200605 879.7616027592563
4141.503775600606 845.6986113992564
4085.0869461606053 827.6026472392563
4101.053973360606 788.2173134792563
4139.374838640606 793.5396558792563
4194.727199600606 761.6056014792563
4214.952100720606 774.3792232392562
4229.854659440605 804.1843406792563
4275.626804080605 760.5411329992562
4264.982119280606 762.6700699592562
4219.209974640606 836.1183950792563
4236.241470320606 862.7301070792564
3738.0702216806053 804.1843406792563
3765.746402160605 815.8934939592563
3929.6745480806053 802.0554037192563
4095.731630960606 758.4319039833858
4121.278874480606 722.2399756633858
4147.890586480606 720.1110387033858
4142.568244080606 677.5322995033857
4148.955054960606 656.2429299033856
4155.341865840606 637.0824972633857
4157.470802800606 624.3088755033856
4178.760172400606 604.0839743833856
4181.953577840606 583.8590732633855
4264.982119280607 591.3103526233856
4249.015092080606 600.8905689433855
4231.983596400606 615.7931276633856
4245.821686640606 620.0510015833856
4239.434875760606 643.4693081433857
4201.114010480606 669.0165516633857
4187.275920240606 654.1139929433857
4202.178478960606 623.2444070233855
4220.2744431206065 595.5682265433855
4150.019523440606 584.9235417433855
4080.829072240606 645.5982451033856
4117.021000560606 643.4693081433857
4085.0869461606057 711.5952908633858
4037.1858645606058 671.1454886233857
4006.3162786406056 719.0465702233857
3979.7045666406057 700.9506060633857
3946.7060437606056 724.3689126233858
3910.5141154406056 741.4004083033858
3966.9309448806057 757.3674355033859
3949.8994492006054 679.6612364633858
3977.5756296806057 646.6627135833858
4024.412242800606 628.5667494233855
4038.2503330406057 601.9550374233854
3970.1243503206056 600.8905689433855
4030.7990536806055 571.0854515033855
3948.8349807206055 589.1814156633855
3915.8364578406054 623.2444070233855
3880.7089980006053 617.9220646233856
3921.1588002406056 647.7271820633857
3850.903880560605 626.4378124633856
3850.903880560605 600.8905689433855
3863.6775023206055 651.9850559833857
3871.1287816806052 671.1454886233857
3853.0328175206055 702.0150745433857
3793.4225826406055 688.1769843033858
3833.8723848806053 646.6627135833858
3816.8408892006055 641.3403711833855
3814.7119522406056 626.4378124633856
3779.584492400605 648.7916505433857
3755.101717360605 656.2429299033856
3725.2965999206053 699.8861375833858
3708.265104240605 712.6597593433858
3696.555950960605 715.8531647833858
3723.1676629606054 746.7227507033858
3656.1061487206052 716.9176332633858
3612.462941040605 722.2399756633858
3564.561859440605 711.5952908633858
3527.3054626406047 716.9176332633858
3494.306939760605 693.4993267033857
3443.2124527206047 711.5952908633858
3321.8630460006043 705.2084799833858
3286.7355861606043 692.4348582233857
3350.6036949606046 671.1454886233857
3321.8630460006043 640.2759027033856
3318.6696405606044 626.4378124633856
3328.2498568806045 592.3748211033856
3286.7355861606043 621.1154700633856
3289.9289916006046 583.8590732633855
3301.6381448806046 578.5367308633855
3328.2498568806045 539.1513971033854
3308.0249557606044 524.2488383833854
3334.6366677606043 522.1199014233855
3371.8930645606047 526.3777753433853
3385.7311548006046 522.1199014233855
3355.9260373606044 551.9250188633855
3407.0205244006047 551.9250188633855
3415.5362722406044 543.4092710233854
3425.1164885606045 526.3777753433853
3443.2124527206047 539.1513971033854
3433.6322364006046 559.3762982233854
3381.4732808806048 592.3748211033856
3411.2783983206045 585.9880102233856
3358.0549743206043 573.2143884633855
3436.8256418406045 630.6956863833857
3441.0835157606048 650.9205875033856
3461.308416880605 663.6942092633857
3388.9245602406045 660.5008038233857
3452.792669040605 611.5352537433855
3479.4043810406047 603.0195059033856
3506.0160930406046 594.5037580633855
3524.112057200605 605.1484428633855
3551.7882376806047 615.7931276633856
3552.852706160605 657.3073983833856
3518.789714800605 661.5652723033857
3498.564813680605 651.9850559833857
3596.4959138406048 630.6956863833857
3590.109102960605 675.4033625433857
3559.239517040605 691.3703897433858
3613.527409520605 684.9835788633857
3619.914220400605 673.2744255833857
3664.621896560605 658.3718668633857
3657.170617200605 671.1454886233857
3658.235085680605 625.3733439833857
3686.975734640605 628.5667494233855
3623.107625840605 609.4063167833856
3655.0416802406053 585.9880102233856
3669.944238960605 572.1499199833854
3705.071698800605 566.8275775833855
3695.491482480605 543.4092710233854
3747.6504380006054 567.8920460633855
3778.520023920605 574.2788569433856
3770.0042760806055 562.5697036633856
3800.873862000605 575.3433254233855
3813.647483760605 604.0839743833856
3771.0687445606054 616.8575961433855
3760.4240597606054 615.7931276633856
3729.554473840605 598.7616319833855
3582.657823600605 573.2143884633855
3593.302508400605 555.1184243033854
3613.527409520605 542.3448025433854
3624.172094320605 554.0539558233854
3657.170617200605 542.3448025433854
3554.981643120605 542.3448025433854
3531.563336560605 587.0524787033855
3525.1765256806048 549.7960819033855
3520.918651760605 561.5052351833854
3508.145030000605 555.1184243033854
3480.4688495206046 554.0539558233854
3475.146507120605 529.5711807833854
3480.4688495206046 511.4752166233854
3459.1794799206045 579.6011993433856
3536.8856789606048 513.6041535833854
3547.530363760605 448.6715763033852
3543.272489840605 425.2532697433852
3525.1765256806048 434.83348606338524
3493.2424712806046 434.83348606338524
3471.953101680605 433.7690175833852
3454.9216060006047 456.1228556633853
3445.3413896806046 431.6400806233852
3431.5032994406047 419.9309273433852
3416.600740720605 451.8649817433853
3375.0864700006045 456.1228556633853
3341.0234786406045 443.34923390338525
3319.7341090406044 450.80051326338526
3279.2843068006046 441.2202969433852
3623.107625840605 461.44519806338525
3660.364022640605 498.70159486338537
3698.684887920605 477.4122252633853
3728.490005360605 477.4122252633853
3735.9412847206054 510.4107481433854
3738.0702216806053 534.8935231833855
3733.812347760605 458.25179262338526
3765.746402160605 490.18584702338535
3774.2621500006053 528.5067123033855
3787.0357717606053 543.4092710233854
3792.3581141606055 492.3147839833853
3818.9698261606054 554.0539558233854
3836.001321840605 547.6671449433854
3859.4196284006052 563.6341721433855
3781.7134293606055 468.8964774233853
3771.0687445606054 411.41517950338516
3799.809393520605 424.1888012633852
3798.7449250406053 383.7389990233851
3722.103194480605 362.4496294233851
3696.555950960605 375.22325118338506
3674.202112880605 336.90238590338504
3665.686365040605 367.7719718233851
3623.107625840605 377.3521881433851
3603.947193200605 362.4496294233851
3614.591878000605 434.83348606338524
3633.752310640605 439.09135998338525
3661.428491120605 438.02689150338523
3586.915697520605 436.9624230233852
3587.980166000605 492.3147839833853
3845.5815381606053 281.55002494338487
3841.3236642406055 398.64155774338514
3866.8709077606054 402.89943166338514
3912.6430524006055 385.8679359833851
3944.5771068006056 370.9653772633851
3959.4796655206055 381.6100620633851
3941.3837013606053 474.2188198233853
3970.1243503206056 477.4122252633853
3997.800530800606 471.0254143833853
3895.611556720605 533.8290547033854
3958.4151970406056 555.1184243033854
4002.0584047206057 573.2143884633855
4063.7975765606056 451.8649817433853
4048.8950178406058 405.0283686233852
4053.1528917606056 392.2547468633851
4015.8964949606057 390.1258099033851
3979.7045666406057 393.31921534338517
4071.248855920606 395.4481523033851
4078.7001352806055 405.0283686233852
4099.989504880606 416.7375219033852
4093.602694000606 441.2202969433852
4131.923559280606 460.3807295833853
4159.599739760606 451.8649817433853
4171.308893040606 463.5741350233853
4204.307415920606 468.8964774233853
4217.081037680606 426.3177382233852
4194.727199600606 415.6730534233851
4171.308893040606 411.41517950338516
4115.956532080606 418.8664588633852
4168.115487600606 387.99687294338514
4194.727199600606 385.8679359833851
4208.565289840606 393.31921534338517
4236.241470320606 394.3836838233851
4259.659776880606 385.8679359833851
4263.917650800606 411.41517950338516
4270.304461680606 448.6715763033852
4233.048064880606 448.6715763033852
4175.566766960606 443.34923390338525
4144.697181040606 391.19027838338513
4099.989504880606 396.51262078338516
3868.9998447206053 466.7675404633853
3906.2562415206057 677.5322995033857
3274.681605063137 719.0465702233856
3221.458181063137 731.8201919833857
3232.1028658631367 711.5952908633857
3190.5885951431364 728.6267865433857
3176.750504903137 714.7886963033857
3152.2677298631365 725.4333811033857
3128.8494233031365 694.5637951833857
3097.9798373831363 711.5952908633857
3057.5300351431365 717.9821017433857
3029.853854663136 711.5952908633857
2995.7908633031366 705.2084799833857
2975.5659621831364 724.3689126233857
2959.598934983136 720.1110387033857
2945.760844743136 720.1110387033857
2934.051691463136 692.4348582233856
2920.2136012231363 700.9506060633856
2893.601889223136 719.0465702233856
2868.054645703136 719.0465702233856
2869.119114183136 678.5967679833856
2839.313996743136 679.6612364633856
2831.862717383136 719.0465702233856
2847.829744583136 753.1095615833857
2800.993131463136 704.1440115033856
2779.703761863136 690.3059212633856
2736.060554183136 717.9821017433857
2701.997562823136 716.9176332633857
2661.5477605831356 719.0465702233856
2623.2268953031357 671.1454886233855
2596.6151833031354 722.2399756633857
2620.033489863136 724.3689126233857
2559.3587865031354 720.1110387033857
2538.0694169031353 695.6282636633856
2515.7155788231357 712.6597593433856
2488.0393983431354 692.4348582233856
2408.2042623431353 721.1755071833857
2447.5895961031356 720.1110387033857
2450.7830015431355 690.3059212633856
2407.1397938631353 683.9191103833856
2360.3031807431353 704.1440115033856
2370.9478655431353 690.3059212633856
2352.851901383135 681.7901734233856
2361.3676492231352 675.4033625433856
2360.3031807431353 658.3718668633855
2350.722964423135 641.3403711833855
2374.141270983135 630.6956863833855
2398.624046023135 642.4048396633855
2418.8489471431353 662.6297407833856
2456.1053439431353 617.9220646233855
2452.9119385031354 637.0824972633854
2472.0723711431356 659.4363353433855
2493.3617407431357 642.4048396633855
2490.1683353031353 625.3733439833854
2507.1998309831356 594.5037580633855
2511.4577049031354 570.0209830233854
2480.5881189831352 573.2143884633854
2489.1038668231354 587.0524787033854
2446.525127623135 590.2458841433854
2431.6225689031353 585.9880102233853
2406.0753253831354 618.9865331033855
2425.2357580231355 565.7631091033854
2382.6570188231353 584.9235417433854
2375.205739463135 558.3118297433854
2352.851901383135 579.6011993433854
2337.949342663135 608.3418483033854
2363.496586183135 596.6326950233854
2341.142748103135 588.1169471833855
2354.980838343135 494.44372094338524
2366.689991623135 481.6700991833852
2381.5925503431354 486.9924415833852
2366.689991623135 343.2891967833849
2341.142748103135 402.89943166338503
2362.432117703135 393.31921534338505
2402.8819199431355 385.867935983385
2408.2042623431353 301.7749260633848
2425.2357580231355 309.22620542338484
2443.3317221831353 275.16321406338477
2455.0408754631353 309.22620542338484
2490.1683353031353 353.93388158338496
2502.9419570631353 343.2891967833849
2529.5536690631357 349.6760076633849
2656.225418183136 352.86941310338494
2680.708193223136 351.8049446233849
2717.9645900231358 353.93388158338496
2745.640770503136 358.1917555033849
2670.0635084231358 390.125809903385
2646.6452018631358 385.867935983385
2618.9690213831354 381.610062063385
2692.417346503136 383.73899902338496
2598.7441202631358 432.7045491033851
2621.097958343136 434.8334860633851
2640.2583909831355 439.09135998338513
2646.6452018631358 426.3177382233851
2656.225418183136 425.2532697433851
2670.0635084231358 426.3177382233851
2731.8026802631357 377.352188143385
2765.8656716231358 381.610062063385
2783.961635783136 367.771971823385
2842.507402183136 364.57856638338495
2873.3769881031362 350.74047614338497
2895.7308261831363 393.31921534338505
2906.3755109831363 352.86941310338494
2919.1491327431363 387.99687294338503
2951.0831871431365 390.125809903385
2981.952773063136 381.610062063385
3010.6934220231365 378.41665662338505
3037.3051340231364 385.867935983385
3085.206215623137 370.965377263385
3136.3007026631367 376.287719663385
3163.9768831431365 380.54559358338497
3193.782000583137 380.54559358338497
3221.458181063137 389.061341423385
3235.2962713031366 464.6386035033852
3278.9394789831367 460.3807295833852
3289.584163783137 471.02541438338517
3169.2992255431363 455.05838718338515
2533.8115429831355 543.4092710233854
2525.2957951431354 509.34627966338525
2498.6840831431355 519.9909644633854
2481.652587463135 526.3777753433853
2510.3932364231355 481.6700991833852
2552.9719756231357 522.1199014233853
2561.487723463136 573.2143884633854
2537.0049484231354 568.9565145433853
2567.8745343431356 595.5682265433854
2531.6826060231356 612.5997222233855
2505.070894023135 633.8890918233856
2532.7470745031355 669.0165516633856
2566.8100658631356 653.0495244633855
2565.7455973831356 622.1799385433856
2598.7441202631358 533.8290547033853
2572.1324082631354 541.2803340633853
2589.1639039431357 566.8275775833854
2633.871580103136 545.5382079833853
2633.871580103136 577.4722623833854
2627.4847692231356 612.5997222233855
2628.5492377031355 633.8890918233856
2606.1953996231355 647.7271820633855
2649.8386073031356 641.3403711833855
2581.7126245831355 634.9535603033855
2701.997562823136 665.8231462233855
2683.9015986631357 647.7271820633855
2661.5477605831356 620.0510015833854
2684.9660671431357 609.4063167833856
2659.4188236231357 597.6971635033854
2686.0305356231356 535.9579916633853
2676.450319303136 526.3777753433853
2658.3543551431358 552.9894873433853
2712.642247623136 547.6671449433853
2695.6107519431357 575.3433254233854
2723.286932423136 622.1799385433856
2742.4473650631357 593.4392895833854
2746.705238983136 641.3403711833855
2753.092049863136 661.5652723033855
2733.931617223136 686.0480473433856
2782.897167303136 637.0824972633854
2774.381419463136 624.3088755033855
2775.445887943136 604.0839743833853
2775.445887943136 589.1814156633855
2750.963112903136 556.1828927833853
2795.670789063136 577.4722623833854
2825.4759065031362 557.2473612633853
2819.089095623136 577.4722623833854
2825.4759065031362 592.3748211033854
2836.1205913031363 607.2773798233854
2808.444410823136 628.5667494233855
2796.735257543136 661.5652723033855
2836.1205913031363 649.8561190233856
2868.054645703136 643.4693081433854
2904.2465740231364 648.7916505433855
2906.3755109831363 617.9220646233855
2861.667834823136 590.2458841433854
2862.732303303136 570.0209830233854
2873.3769881031362 543.4092710233854
2925.5359436231365 565.7631091033854
2959.598934983136 550.8605503833853
2988.3395839431364 545.5382079833853
2997.9198002631365 562.5697036633853
3013.8868274631363 568.9565145433853
2975.5659621831364 582.7946047833855
2980.8883045831362 605.1484428633855
2972.3725567431366 634.9535603033855
2951.0831871431365 664.7586777433855
2925.5359436231365 646.6627135833855
2918.084664263136 610.4707852633856
2903.1821055431365 585.9880102233853
3004.3066111431363 612.5997222233855
2990.4685209031363 636.0180287833855
3029.853854663136 633.8890918233856
3050.0787557831363 626.4378124633855
3018.1447013831366 681.7901734233856
3005.371079623136 663.6942092633856
3070.3036569031365 671.1454886233855
3077.754936263136 642.4048396633855
3094.7864319431364 597.6971635033854
3091.5930265031366 576.4077939033854
3064.9813145031367 573.2143884633854
3044.7564133831365 589.1814156633855
3058.5945036231365 545.5382079833853
3019.2091698631366 543.4092710233854
3093.7219634631365 539.1513971033853
3109.688990663137 566.8275775833854
3145.8809189831363 552.9894873433853
3153.332198343137 574.2788569433853
3121.3981439431363 605.1484428633855
3143.7519820231364 600.8905689433855
3133.107297223137 622.1799385433856
3117.1402700231365 648.7916505433855
3163.9768831431365 632.8246233433855
3177.814973383137 617.9220646233855
3162.9124146631366 594.5037580633855
3176.750504903137 533.8290547033853
3200.168811463137 532.7645862233853
3237.4252082631365 551.9250188633853
3252.327766983137 571.0854515033855
3217.200307143137 606.2129113433855
3207.6200908231367 634.9535603033855
3196.9754060231367 675.4033625433856
3234.2318028231366 639.2114342233856
3265.101388743137 639.2114342233856
3280.0039474631367 527.4422438233853
3259.7790463431365 522.1199014233853
3170.3636940231368 664.7586777433855
2335.6128170504794 341.16025982338476
2301.5498256904793 351.8049446233848
2261.100023450479 359.25622398338487
2241.9395908104793 350.74047614338485
2203.618725530479 350.74047614338485
2174.878076570479 356.06281854338476
2134.428274330479 353.93388158338485
2101.4297514504788 358.1917555033848
2079.0759133704787 356.06281854338476
2045.0129220104789 366.7075033433848
2106.752093850479 449.736044783385
2119.525715610479 498.70159486338514
2156.782112410479 488.0569100633851
2180.200418970479 483.7990361433851
2279.1959876104793 477.4122252633851
2019.4656784904787 488.0569100633851
2058.851012250479 529.5711807833852
1979.0158762504789 492.3147839833851
1883.2137130504784 500.8305318233851
1855.5375325704786 488.0569100633851
1827.8613520904785 483.7990361433851
1808.7009194504785 502.95946878338515
1749.0906845704783 518.9264959833852
1686.2870442504782 514.6686220633851
1724.6079095304783 521.0554329433851
2281.324924570479 752.0450931033856
2281.324924570479 723.3044441433856
2264.2934288904794 713.7242278233856
2307.936636570479 698.8216691033855
2318.5813213704796 677.5322995033855
2296.2274832904795 660.5008038233855
2311.1300420104794 655.1784614233854
2318.5813213704796 620.0510015833854
2314.3234474504793 603.0195059033854
2300.4853572104794 595.5682265433853
2315.3879159304793 585.9880102233853
2304.743231130479 564.6986406233852
2289.8406724104793 568.9565145433853
2256.842149530479 562.5697036633853
2248.326401690479 555.1184243033852
2267.4868343304793 601.9550374233853
2251.5198071304794 663.6942092633855
2250.4553386504795 698.8216691033855
2220.6502212104792 733.9491289433856
2195.102977690479 727.5623180633855
2167.426797210479 731.8201919833856
2151.459770010479 761.6253094233856
2207.8765994504793 709.4663539033855
2184.4582928904792 690.3059212633855
2218.5212842504793 662.6297407833854
2211.070004890479 594.5037580633852
2190.845103770479 633.8890918233853
2186.587229850479 600.8905689433853
2189.780635290479 559.3762982233852
2163.168923290479 562.5697036633853
2241.9395908104793 572.1499199833852
2215.327878810479 568.9565145433853
2241.9395908104793 627.5022809433854
2154.653175450479 688.1769843033856
2114.203373210479 681.7901734233855
2097.171877530479 725.4333811033856
2135.4927428104793 731.8201919833856
2058.851012250479 715.8531647833855
2087.591661210479 692.4348582233855
2082.269318810479 665.8231462233855
2103.5586884104787 656.2429299033854
2129.105931930479 637.0824972633854
2145.072959130479 644.5337766233854
2169.555734170479 632.8246233433854
2151.459770010479 610.4707852633853
2144.008490650479 592.3748211033853
2122.719121050479 587.0524787033853
2141.879553690479 564.6986406233852
2108.881030810479 573.2143884633853
2097.171877530479 563.6341721433853
2068.431228570479 563.6341721433853
2072.689102490479 578.5367308633853
2063.108886170479 632.8246233433854
2087.591661210479 601.9550374233853
2056.7220752904786 666.8876147033855
2073.753570970479 689.2414527833855
2016.2722730504788 694.5637951833855
2037.561642650479 672.2099571033855
2040.7550480904788 636.0180287833854
2026.9169578504789 625.3733439833854
2006.6920567304787 615.7931276633853
2008.8209936904786 632.8246233433854
2014.143336090479 664.7586777433855
2009.8854621704788 711.5952908633856
2030.1103632904787 726.4978495833856
2040.7550480904788 740.3359398233856
1984.3382186504787 729.6912550233856
1980.0803447304788 709.4663539033855
1965.1777860104787 719.0465702233855
1976.8869392904787 687.1125158233855
1969.4356599304788 662.6297407833854
1999.2407773704788 637.0824972633854
1972.6290653704787 633.8890918233853
1958.7909751304787 609.4063167833854
1960.9199120904786 573.2143884633853
1994.9829034504787 596.6326950233854
1991.7894980104788 562.5697036633853
1979.0158762504789 568.9565145433853
2039.6905796104788 572.1499199833852
2021.5946154504788 564.6986406233852
2064.173354650479 578.5367308633853
1951.3396957704786 551.9250188633853
1924.7279837704787 546.6026764633853
1931.1147946504786 588.1169471833853
1937.5016055304786 637.0824972633854
1928.9858576904785 669.0165516633855
1895.9873348104786 697.7572006233855
1934.3082000904787 707.3374169433855
1939.6305424904785 690.3059212633855
1877.8913706504786 675.4033625433855
1868.3111543304785 711.5952908633856
1853.4085956104786 704.1440115033855
1899.1807402504787 658.3718668633854
1897.0518032904786 637.0824972633854
1930.0503261704787 617.9220646233854
1884.2781815304786 616.8575961433853
1892.7939293704785 566.8275775833854
1854.4730640904786 566.8275775833854
1868.3111543304785 579.6011993433854
1860.8598749704784 604.0839743833853
1842.7639108104786 616.8575961433853
1844.8928477704785 651.9850559833856
1812.9587933704784 667.9520831833854
1825.7324151304783 687.1125158233855
1821.4745412104785 705.2084799833856
1785.2826128904785 711.5952908633856
1760.7998378504783 714.7886963033856
1796.9917661704785 617.9220646233854
1777.8313335304783 653.0495244633855
1755.4774954504783 680.7257049433855
1838.5060368904783 596.6326950233854
1821.4745412104785 583.8590732633853
1798.0562346504785 589.1814156633852
1787.4115498504784 570.0209830233853
1759.7353693704783 603.0195059033854
1748.0262160904783 613.6641907033854
1722.4789725704782 681.7901734233855
1700.125134490478 711.5952908633856
1666.062143130478 700.9506060633855
1678.8357648904782 677.5322995033855
1673.5134224904782 655.1784614233854
1669.2555485704781 614.7286591833854
1682.029170330478 600.8905689433853
1711.834287770478 598.7616319833853
1702.2540714504782 633.8890918233853
1717.1566301704784 655.1784614233854
1737.3815312904783 585.9880102233853
1672.4489540104782 578.5367308633853
1647.966178970478 603.0195059033854
1656.4819268104782 589.1814156633852
1650.0951159304782 579.6011993433854
1634.128088730478 585.9880102233853
1617.096593050478 622.1799385433853
1639.4504311304781 645.5982451033854
1634.128088730478 669.0165516633855
1622.418935450478 694.5637951833855
1639.4504311304781 693.4993267033855
1634.128088730478 715.8531647833855
1644.7727735304782 735.0135974233856
1588.355944090478 690.3059212633855
1566.002106010478 702.0150745433855
1570.259979930478 739.2714713433857
1546.841673370478 717.9821017433856
1608.580845210478 649.8561190233854
1601.129565850478 666.8876147033855
1569.195511450478 659.4363353433855
1597.936160410478 607.2773798233854
1559.615295130478 609.4063167833854
1592.613818010478 576.4077939033853
1530.874646170478 617.9220646233854
1543.648267930478 593.4392895833853
1520.229961370478 607.2773798233854
1524.487835290478 672.2099571033855
1507.456339610478 683.9191103833855
1498.9405917704778 615.7931276633853
1482.9735645704777 611.5352537433853
1458.4907895304777 607.2773798233854
1451.0395101704778 639.2114342233854
1446.7816362504777 681.7901734233855
1447.8461047304777 711.5952908633856
1511.7142135304778 713.7242278233856
1473.3933482504779 704.1440115033855
1518.101024410478 733.9491289433856
1337.0860258364344 720.1110387033856
1350.9241160764345 739.2714713433857
1329.6347464764344 684.9835788633854
1301.9585659964341 674.3388940633855
1268.9600431164342 674.3388940633855
1268.9600431164342 714.7886963033856
1235.9615202364341 662.6297407833854
1201.898528876434 677.5322995033855
1180.609159276434 667.9520831833854
1159.3197896764339 696.6927321433856
1164.6421320764339 736.0780659033855
1144.417230956434 664.7586777433855
1129.5146722364339 658.3718668633854
1105.0318971964339 645.5982451033854
1128.450203756434 615.7931276633853
1102.902960236434 618.9865331033855
1123.1278613564339 600.8905689433853
1143.3527624764338 629.6312179033854
1160.384258156434 646.6627135833853
1156.126384236434 611.5352537433853
1172.093411436434 604.0839743833853
1190.189375596434 643.4693081433854
1206.1564027964341 617.9220646233854
1232.768114796434 597.6971635033854
1263.6377007164342 601.9550374233854
1271.0889800764342 643.4693081433854
1288.1204757564342 640.2759027033854
1303.0230344764343 639.2114342233854
1296.6362235964343 595.5682265433853
1336.0215573564342 612.5997222233854
1362.6332693564345 585.9880102233853
1366.8911432764344 626.4378124633854
1347.7307106364344 637.0824972633854
1361.5688008764344 656.2429299033854
1405.2120085564345 621.1154700633854
1381.7937019964345 597.6971635033854
1381.7937019964345 656.2429299033854
1422.2435042364345 630.6956863833855
1413.7277563964344 657.3073983833855
1423.3079727164345 612.5997222233854
1400.9541346364344 588.1169471833853
1417.9856303164345 583.8590732633853
1433.9526575164346 603.0195059033854
1445.6618107964346 585.9880102233853
1461.6288379964346 575.3433254233853
1482.9182075964345 589.1814156633853
1518.0456674364348 580.6656678233853
1540.3995055164346 566.8275775833854
24.04049791722645 734.1265727999996
9.750373117226447 695.3390911999995
16.89543551722645 625.9299135999995
47.51713151722646 602.4532799999995
77.11810431722645 593.2667711999995
354.7548147172266 473.84215679999943
100.59473791722647 704.5255999999996
68.95231871722646 691.2561983999996
58.74508671722646 701.4634303999997
73.03521151722646 722.8986175999996
155.71379071722652 728.0022335999997
187.35620991722652 728.0022335999997
225.12296831722654 737.1887423999996
248.59960191722655 725.9607871999996
419.0603763172266 708.6084927999996
464.9929203172266 702.4841535999996
492.5524467172267 700.4427071999996
528.2777587172266 696.3598143999996
552.7751155172266 711.6706623999996
546.6507763172266 731.0644031999996
554.8165619172266 692.2769215999996
584.4175347172267 681.0489663999995
625.2464627172267 670.8417343999995
656.8888819172266 660.6345023999995
670.1582835172267 650.4272703999995
715.0701043172267 653.4894399999996
717.1115507172267 692.2769215999996
700.7799795172267 731.0644031999996
771.2098803172267 715.7535551999996
750.7954163172267 654.5101631999996
780.3963891172267 644.3029311999995
807.9559155172267 639.1993151999995
830.4118259172267 633.0749759999995
860.0127987172267 649.4065471999995
837.5568883172267 660.6345023999995
853.8884595172267 688.1940287999996
802.8522995172267 693.2976447999995
805.9144691172268 723.9193407999996
872.2614771172267 725.9607871999996
906.9660659172267 719.8364479999996
2651.1036770133333 123.4193762133333
2649.92741504 150.4734016
2678.1577024 148.1208776533333
2747.5571588266666 117.53806634666658
3088.6731310933333 71.66384938666658
3113.374632533333 71.66384938666658
3135.723610026667 70.48758741333336
3145.1337058133336 69.31132544000002
3187.4791368533333 64.60627754666666
3218.06194816 54.019919786666605
3248.6447594666665 50.4911338666667
3273.3462609066664 38.728514133333306
3290.9901905066667 34.02346623999995
3328.630573653333 35.19972821333329
3187.4791368533333 8.145702826666707
246.38299024918751 1385.1008454333846
217.45557963163606 1430.2276059967649
481.2735644637054 1486.9253308071657
454.660346695558 1635.0336731690293
638.6386782231854 1373.529881186364
809.88894907909 1374.6869776110661
1117.6765980498394 2210.5341459220745
1057.5075839653323 1455.8677148043116
863.1153846153861 1283.4603475237045
842.2876489707494 1174.58899025701
684.922535211269 1132.9335189677358
1402.322318526547 713.9544426315242
1835.0763813651201 1363.6491424543453
1978.5563380281762 1450.4313743070002
2433.295232936089 1554.668468625521
2494.6213434452984 1752.5319572495744
2397.4252437703262 1979.2119373251826
2279.4014084507153 2314.769900488782
3082.426327193952 2748.796858071506
3222.434994582902 2635.4014084507035
3252.519501625156 2806.6516793066094
3600.805525460482 2633.0872156012992
3830.7232287826596 2764.996208017335
4019.329946009098 1720.836669287739
3665.258440050265 1654.8821730797208
3579.633304622312 1514.8735056907708
4265.791484470637 1538.5565288482253
3908.2486892376983 1242.3398441244954
3693.028754243113 1419.375597103912
3488.2226870708464 1408.9617292815933
3353.9995018054065 1376.5630293899353
3388.712394546468 1407.8046328568912
3392.1836838205745 1183.3279264646897
2892.318028349281 269.7380889961463
2910.8315711445143 294.0371139148898
