3601.478417266187 2039.1762589928055
3843.2510791366904 1879.360431654676
3933.403597122302 1813.7949640287763
3982.577697841726 1772.8165467625897
3892.4251798561154 1727.740287769784
3990.7733812949637 1567.9244604316543
4068.632374100719 1551.5330935251795
4179.2741007194245 1625.2942446043162
4248.937410071942 1731.8381294964026
3884.229496402878 1592.5115107913666
3781.78345323741 1580.2179856115104
3638.358992805756 1572.022302158273
3597.3805755395683 1584.315827338129
3478.543165467626 1658.0769784172658
3425.2712230215825 1547.4352517985608
3294.1402877697838 1592.5115107913666
3064.6611510791363 1260.5863309352515
3335.118705035971 1121.2597122302154
3433.4669064748205 1219.6079136690644
3503.130215827338 1141.748920863309
3568.695683453237 1182.727338129496
3593.2827338129496 1182.727338129496
3638.358992805756 1211.4122302158269
3744.9028776978416 1211.4122302158269
3830.9575539568345 1149.9446043165465
3921.1100719424458 1211.4122302158269
3986.675539568345 1199.1187050359708
4052.241007194244 1199.1187050359708
4195.6654676258995 1186.8251798561148
4265.328776978417 1334.347482014388
3056.4654676258992 1129.455395683453
3019.584892086331 1096.6726618705031
2904.8453237410067 1096.6726618705031
2872.062589928057 1096.6726618705031
2769.6165467625897 1084.379136690647
2712.2467625899276 1059.7920863309348
2691.7575539568343 1039.3028776978413
2679.464028776978 1051.5964028776975
1417.328776978417 2633.3633093525177
2101.6683453237406 2543.210791366906
2380.3215827338126 2162.1115107913665
2400.810791366906 1871.1647482014384
2536.0395683453235 1781.0122302158272
2560.6266187050355 1604.8050359712229
2642.5834532374097 1596.6093525179854
2908.9431654676255 1600.7071942446041
2757.3230215827334 1391.71726618705
2699.953237410072 1477.771942446043
2667.170503597122 1506.4568345323737
2499.158992805755 1494.1633093525177
2560.6266187050355 1408.1086330935248
2281.973381294964 1686.7618705035966
1876.2870503597119 1535.1417266187048
1614.0251798561148 1633.4899280575537
1323.0784172661865 1797.4035971223018
1282.0999999999995 1559.728776978417
1003.4467625899277 1940.8280575539566
388.7705035971219 1998.1978417266182
282.22661870503555 1383.5215827338127
290.42230215827294 1088.4769784172659
593.6625899280572 1145.8467625899277
769.8697841726615 1125.3575539568342
679.71726618705 1137.6510791366902
1007.5446043165465 1186.8251798561148
1085.403597122302 1387.6194244604312
1191.9474820143882 1297.4669064748198
1245.2194244604311 1145.8467625899277
1359.9589928057549 1170.43381294964
1482.894244604316 1162.2381294964025
1663.1992805755394 1149.9446043165465
1896.7762589928052 1309.7604316546758
1847.602158273381 1154.042446043165
1945.9503597122298 1104.8683453237406
2003.3201438848919 1207.3143884892083
1970.5374100719423 1235.9992805755392
2044.298561151079 1178.6294964028773
2113.961870503597 1227.8035971223019
2208.212230215827 1449.0870503597118
2290.169064748201 1375.3258992805752
2355.7345323741006 1301.5647482014385
2257.3863309352514 1195.020863309352
2187.7230215827335 1174.5316546762585
2154.940287769784 1162.2381294964025
2240.994964028777 1162.2381294964025
2306.560431654676 1178.6294964028773
2343.4410071942443 1170.43381294964
2404.9086330935247 1166.3359712230213
2454.0827338129493 1154.042446043165
2392.615107913669 1223.7057553956831
2458.180575539568 1223.7057553956831
2470.4741007194243 1317.9561151079133
2552.4309352517985 1272.8798561151075
2658.9748201438847 1322.053956834532
2601.6050359712226 1354.8366906474816
2872.062589928057 1326.1517985611508
40.45395683453194 416.430935251798
24.062589928057093 498.3877697841722
146.99784172661828 506.5834532374097
269.9330935251794 617.2251798561147
327.30287769784127 506.5834532374097
429.74892086330897 559.855395683453
659.2280575539564 572.1489208633088
831.3374100719421 617.2251798561147
917.3920863309348 670.497122302158
1015.7402877697838 781.1388489208629
1105.8928057553953 654.105755395683
1245.2194244604311 699.1820143884888
1290.295683453237 699.1820143884888
1441.915827338129 777.0410071942441
1466.5028776978415 686.8884892086326
1560.7532374100715 756.5517985611505
1724.6669064748198 834.4107913669061
1786.1345323741007 764.747482014388
1851.6999999999998 789.3345323741006
1913.1676258992802 875.3892086330932
1917.2654676258992 822.1172661870501
2003.3201438848919 834.4107913669061
2056.5920863309348 887.6827338129493
2126.255395683453 850.8021582733809
2212.3100719424456 891.7805755395681
2310.6582733812947 949.1503597122298
2269.6798561151077 912.2697841726616
2343.4410071942443 961.4438848920859
2417.202158273381 924.5633093525175
2511.4525179856114 969.6395683453234
2433.593525179856 945.0525179856111
2552.4309352517985 932.7589928057549
2597.507194244604 1002.4223021582729
2626.192086330935 1059.7920863309348
2663.0726618705035 1100.770503597122
2646.169064748201 1052.6208633093524
2634.8999999999996 1058.7676258992806
2598.0194244604313 1198.0942446043164
2640.022302158273 1191.9474820143882
2691.245323741007 1174.5316546762588
2662.560431654676 1185.8007194244603
2670.7561151079135 1215.5100719424458
2710.7100719424457 1212.436690647482
2727.10143884892 1176.5805755395681
2749.6395683453234 1190.9230215827338
2772.177697841726 1215.5100719424458
2789.5935251798555 1218.58345323741
2787.544604316546 1245.2194244604316
2778.324460431654 1270.8309352517986
2811.1071942446038 1282.1
2759.8841726618703 1288.246762589928
2778.324460431654 1309.7604316546763
2741.443884892086 1316.9316546762589
2695.3431654676256 1330.2496402877696
2622.6064748201434 1254.4395683453236
2573.4323741007192 1234.9748201438847
2462.790647482014 1199.118705035971
2826.474100719424 1090.5258992805755
3131.7633093525174 1202.1920863309351
3116.3964028776973 1225.7546762589927
3165.570503597122 1207.3143884892086
3151.228057553956 1235.9992805755394
2931.9935251798556 1332.298561151079
2947.3604316546757 1302.5892086330934
2717.8812949640283 1265.7086330935251
2677.927338129496 1256.488489208633
2381.8582733812946 954.2726618705035
2317.31726618705 917.3920863309352
3779.222302158273 1174.5316546762588
3791.5158273381294 1201.1676258992802
4168.51726618705 1203.2165467625896
4268.914388489209 1139.6999999999998
3600.9661870503596 1205.265467625899
3580.476978417266 1156.0913669064744
3703.412230215827 1192.9719424460427
3730.048201438849 1168.3848920863306
